2.000000000000000111e-01 8.933597623496163820e+00 1.847322225866523601e-02 3.668707133182714381e-02 8.753390666672801815e-03 2.872992878234951336e-03 7.342013212683088036e-04 1.759021306860879253e-04
4.000000000000000222e-01 2.168088675128336362e+00 1.489304212131634803e-02 3.809959014802373478e-02 1.042944983274742173e-02 4.158601657224564319e-03 1.390354861948505522e-03 4.917121678924193115e-04
5.999999999999999778e-01 8.291656469357859827e-01 1.280146337422938957e-02 3.890350809598969173e-02 1.140991450671579449e-02 4.705044893583493031e-03 1.622881899718223598e-03 6.081374217695986522e-04
8.000000000000000444e-01 2.697507086702601864e-01 1.401392978009610539e-02 5.531994132399876973e-02 1.794166605994227531e-02 7.856023884169871171e-03 2.742579194149891240e-03 1.010303124132507597e-03
1.000000000000000000e+00 1.035289956278337559e-01 1.246800956739041455e-02 7.082643562412260785e-02 2.536083505152385634e-02 1.217470527018778802e-02 4.545231450138270679e-03 1.721266409618928779e-03
1.199999999999999956e+00 4.858229060415952122e-02 8.317134742947865020e-03 7.625264568677700416e-02 2.956308045492908945e-02 1.542182513284581259e-02 6.260794341391960789e-03 2.564816890014709212e-03
1.399999999999999911e+00 2.358399426725731746e-02 5.592182295257917303e-03 8.119314731641309735e-02 3.346541949688907475e-02 1.856500242207094822e-02 8.079901442582233459e-03 3.543248398557854832e-03
1.600000000000000089e+00 1.207457023013233655e-02 7.062735705243786653e-03 8.379561644973136658e-02 3.623018536866515205e-02 2.102656359702722438e-02 9.648883472590998045e-03 4.427765056883618648e-03
1.800000000000000044e+00 6.493062745491115853e-03 1.119797724148458538e-02 8.414614094565116276e-02 3.780840278949323952e-02 2.271169692411099256e-02 1.086870308395683320e-02 5.140329891407433016e-03
2.000000000000000000e+00 3.640675976131773402e-03 1.573430533406641740e-02 8.275423072113671785e-02 3.837084813715894299e-02 2.368802448955759435e-02 1.174694910913050457e-02 5.682516853958131074e-03
2.200000000000000178e+00 2.170387463358847135e-03 1.948374924200364094e-02 7.812478031306684112e-02 3.715456573665252421e-02 2.345694530021083871e-02 1.200837009466438135e-02 5.926240632257188598e-03
2.399999999999999911e+00 1.321771054856590638e-03 2.277155913825442898e-02 7.360041579444222271e-02 3.571592334601648294e-02 2.296298069745540682e-02 1.210561325117740991e-02 6.090039695178125351e-03
2.600000000000000089e+00 8.238615605308225549e-04 2.548361581683968730e-02 6.901281236810845321e-02 3.400525192125735535e-02 2.219069967441033089e-02 1.202361390444641430e-02 6.168188735343731015e-03
2.799999999999999822e+00 5.254393376631026060e-04 2.758000571902162815e-02 6.438730331312338129e-02 3.206642660096182401e-02 2.118283475620608494e-02 1.177702386638794681e-02 6.166238518958897658e-03
3.000000000000000000e+00 3.424589375680550055e-04 2.907760287489421711e-02 5.981813786746148498e-02 2.998145697924202088e-02 2.000736851573819974e-02 1.139740361467903203e-02 6.097288605580028151e-03
3.200000000000000178e+00 2.318791720937415403e-04 2.950576148188222003e-02 5.445289453909722688e-02 2.735782459922260837e-02 1.841306862695297683e-02 1.073534383853665813e-02 5.875829631893119374e-03
3.399999999999999911e+00 1.592411494128917698e-04 2.958191210346175840e-02 4.968360086622560651e-02 2.494061990362458556e-02 1.690689436269941781e-02 1.007867331944559477e-02 5.648144563200543401e-03
3.600000000000000089e+00 1.109800694660963117e-04 2.933848796856286870e-02 4.539067452788449891e-02 2.270591106527871869e-02 1.548661763684667028e-02 9.430994395791576432e-03 5.413694559063183913e-03
3.799999999999999822e+00 7.849510409433467354e-05 2.882203146073072583e-02 4.150304691856677303e-02 2.064697356274796183e-02 1.415755389267760872e-02 8.800417389550575439e-03 5.173706224399333455e-03
4.000000000000000000e+00 5.629709486427712556e-05 2.809792548748136012e-02 3.799190756029560689e-02 1.877043730478732478e-02 1.293251638662081850e-02 8.198774533739749265e-03 4.932839518963206236e-03
4.200000000000000178e+00 4.134131464018585663e-05 nan nan nan nan nan nan
4.400000000000000355e+00 3.056807382478474844e-05 nan nan nan nan nan nan
4.600000000000000533e+00 2.278342068247262036e-05 nan nan nan nan nan nan
4.800000000000000711e+00 1.712801159389340310e-05 nan nan nan nan nan nan
5.000000000000000888e+00 1.299272802006713215e-05 nan nan nan nan nan nan
5.200000000000001066e+00 1.007752027443054783e-05 nan nan nan nan nan nan
5.400000000000001243e+00 7.872062898148007433e-06 nan nan nan nan nan nan
5.600000000000001421e+00 6.195075152653512872e-06 nan nan nan nan nan nan
5.800000000000001599e+00 4.911393306484832517e-06 nan nan nan nan nan nan
6.000000000000001776e+00 3.920467678831189885e-06 nan nan nan nan nan nan
6.200000000000001954e+00 3.188401197543053407e-06 nan nan nan nan nan nan
6.400000000000002132e+00 2.605987500399441774e-06 nan nan nan nan nan nan
6.600000000000002309e+00 2.140419852803024388e-06 nan nan nan nan nan nan
6.800000000000002487e+00 1.766350503394754050e-06 nan nan nan nan nan nan
7.000000000000002665e+00 1.464316979935225990e-06 nan nan nan nan nan nan
7.200000000000002842e+00 1.230315147789944931e-06 nan nan nan nan nan nan
7.400000000000003020e+00 1.036758473212852809e-06 nan nan nan nan nan nan
7.600000000000003197e+00 8.761606211718290587e-07 nan nan nan nan nan nan
7.800000000000003375e+00 7.424528175729714492e-07 nan nan nan nan nan nan
8.000000000000003553e+00 6.307677554503265341e-07 nan nan nan nan nan nan
8.200000000000002842e+00 5.415583144176026074e-07 nan nan nan nan nan nan
8.400000000000003908e+00 4.655654596965809411e-07 nan nan nan nan nan nan
8.600000000000004974e+00 4.008318459822237921e-07 nan nan nan nan nan nan
8.800000000000004263e+00 3.456677274809044491e-07 nan nan nan nan nan nan
9.000000000000003553e+00 2.986211716901996844e-07 nan nan nan nan nan nan
9.200000000000004619e+00 2.600965065566052393e-07 nan nan nan nan nan nan
9.400000000000005684e+00 2.267295982725665371e-07 nan nan nan nan nan nan
9.600000000000004974e+00 1.978345365648499381e-07 nan nan nan nan nan nan
9.800000000000004263e+00 1.728062668241787322e-07 nan nan nan nan nan nan
1.000000000000000533e+01 1.511164682553351885e-07 nan nan nan nan nan nan
1.020000000000000639e+01 1.330158569097437050e-07 nan nan nan nan nan nan
1.040000000000000568e+01 1.171612697587564134e-07 nan nan nan nan nan nan
1.060000000000000497e+01 1.032719520030585147e-07 nan nan nan nan nan nan
1.080000000000000604e+01 9.110059536154493881e-08 nan nan nan nan nan nan
1.100000000000000711e+01 8.043276537543187983e-08 nan nan nan nan nan nan
1.120000000000000639e+01 7.141891872540222497e-08 nan nan nan nan nan nan
1.140000000000000568e+01 6.343899657563648567e-08 nan nan nan nan nan nan
1.160000000000000675e+01 5.637701136018916975e-08 nan nan nan nan nan nan
1.180000000000000782e+01 5.012958931657513379e-08 nan nan nan nan nan nan
1.200000000000000711e+01 4.460589058264656873e-08 nan nan nan nan nan nan
1.220000000000000639e+01 3.987796614221589603e-08 nan nan nan nan nan nan
1.240000000000000568e+01 3.566667133510022523e-08 nan nan nan nan nan nan
1.260000000000000853e+01 3.191431266580609637e-08 nan nan nan nan nan nan
1.280000000000000782e+01 2.856977400251339275e-08 nan nan nan nan nan nan
1.300000000000000711e+01 2.558850538102367558e-08 nan nan nan nan nan nan
1.320000000000000639e+01 2.301525965170370967e-08 nan nan nan nan nan nan
1.340000000000000924e+01 2.070765354357254901e-08 nan nan nan nan nan nan
1.360000000000000853e+01 1.863740116226864496e-08 nan nan nan nan nan nan
1.380000000000000782e+01 1.677922021531668663e-08 nan nan nan nan nan nan
1.400000000000000711e+01 1.511083043639884637e-08 nan nan nan nan nan nan
1.420000000000000995e+01 1.366177211510280788e-08 nan nan nan nan nan nan
1.440000000000000924e+01 1.235407825166958493e-08 nan nan nan nan nan nan
1.460000000000000853e+01 1.117423833311847657e-08 nan nan nan nan nan nan
1.480000000000000782e+01 1.010980352656452927e-08 nan nan nan nan nan nan
1.500000000000001066e+01 9.149386456442672893e-09 nan nan nan nan nan nan
1.520000000000000995e+01 8.309094105474235345e-09 nan nan nan nan nan nan
1.540000000000000924e+01 7.546949029502124436e-09 nan nan nan nan nan nan
1.560000000000000853e+01 6.855662871565884381e-09 nan nan nan nan nan nan
1.580000000000001137e+01 6.228660334078032160e-09 nan nan nan nan nan nan
1.600000000000001066e+01 5.660079147181092858e-09 nan nan nan nan nan nan
1.620000000000000995e+01 5.159577133313909614e-09 nan nan nan nan nan nan
1.640000000000000924e+01 4.705111655104671982e-09 nan nan nan nan nan nan
1.660000000000001208e+01 4.290810504784900851e-09 nan nan nan nan nan nan
1.680000000000001137e+01 3.912652241074878377e-09 nan nan nan nan nan nan
1.700000000000001066e+01 3.568466184667422984e-09 nan nan nan nan nan nan
1.720000000000000995e+01 3.264143725067153633e-09 nan nan nan nan nan nan
1.740000000000001279e+01 2.985736740317285002e-09 nan nan nan nan nan nan
1.760000000000001208e+01 2.731361684095323240e-09 nan nan nan nan nan nan
1.780000000000001137e+01 2.498952599888944738e-09 nan nan nan nan nan nan
1.800000000000001066e+01 2.286261120348268626e-09 nan nan nan nan nan nan
1.820000000000001350e+01 2.097369781674798396e-09 nan nan nan nan nan nan
1.840000000000001279e+01 1.924053167934793102e-09 nan nan nan nan nan nan
1.860000000000001208e+01 1.765060867015112402e-09 nan nan nan nan nan nan
1.880000000000001137e+01 1.619293997232553246e-09 nan nan nan nan nan nan
1.900000000000001421e+01 1.485805207240482281e-09 nan nan nan nan nan nan
1.920000000000001350e+01 1.366768866606744611e-09 nan nan nan nan nan nan
1.940000000000001279e+01 1.257156347145994350e-09 nan nan nan nan nan nan
1.960000000000001208e+01 1.156276512253880460e-09 nan nan nan nan nan nan
1.980000000000001492e+01 1.063528448677268996e-09 nan nan nan nan nan nan
