2.000000000000000111e-01 6.478591818619944931e+00 1.906958014417333910e-02 3.966163168265564309e-02 9.404186818162648884e-03 3.025313924379631394e-03 7.590850024821185153e-04 1.828895880255329597e-04
4.000000000000000222e-01 1.582136062991006842e+00 1.522792938499245748e-02 4.118119135402165121e-02 1.118779244160086200e-02 4.395871546997382265e-03 1.459460057371939545e-03 5.365527852952556168e-04
5.999999999999999778e-01 6.073253909892656344e-01 1.293830048739819799e-02 4.194481719542112602e-02 1.221732533619590728e-02 4.978532462402782653e-03 1.703666406050110367e-03 6.652485631284462287e-04
8.000000000000000444e-01 1.968161252110932624e-01 1.406432934589114774e-02 5.966452852177395183e-02 1.923910159612820386e-02 8.335625172116079354e-03 2.895464407195569301e-03 1.114701105282910271e-03
1.000000000000000000e+00 7.534115378994050982e-02 1.241517945846567009e-02 7.647328805470030022e-02 2.719798431304661784e-02 1.291262134545027862e-02 4.799679892133211327e-03 1.909724155442343039e-03
1.199999999999999956e+00 3.539642537510619830e-02 8.264113372965738169e-03 8.237157116135795931e-02 3.164677968951243314e-02 1.631620511473816024e-02 6.583831093987627635e-03 2.840611577393711666e-03
1.399999999999999911e+00 1.720238847502324891e-02 5.959901191188753285e-03 8.782917492024124029e-02 3.579473664304327202e-02 1.960554585282183598e-02 8.457672367637942071e-03 3.909237026011518762e-03
1.600000000000000089e+00 8.822534457594453580e-03 7.959192233122996951e-03 9.079187032798691215e-02 3.873051977900732190e-02 2.216095913304298379e-02 1.004700804276468726e-02 4.864059593119240792e-03
1.800000000000000044e+00 4.754867110915459404e-03 1.229138510019647627e-02 9.133826887264279160e-02 4.040441441087690849e-02 2.388090451670023262e-02 1.125188651485878495e-02 5.620187229659645047e-03
2.000000000000000000e+00 2.672735539480668339e-03 1.694702037585648496e-02 9.001177033966968610e-02 4.100680643272804765e-02 2.484370090589888350e-02 1.209052525061896088e-02 6.182916183784282170e-03
2.200000000000000178e+00 1.598048174861029869e-03 2.075638854656413138e-02 8.514829807450956245e-02 3.971853004836903983e-02 2.453041868783718479e-02 1.229461548218802568e-02 6.419718927102060525e-03
2.399999999999999911e+00 9.757701051730970554e-04 2.411818415939836341e-02 8.040367536737941245e-02 3.821877269533342780e-02 2.395149800986879490e-02 1.234245408586241190e-02 6.577136656613124903e-03
2.600000000000000089e+00 6.096222313713052380e-04 2.692135548075236251e-02 7.558028663346670617e-02 3.644767568240125238e-02 2.309464468360490630e-02 1.222496756839031896e-02 6.653757013858683893e-03
2.799999999999999822e+00 3.896016250587230954e-04 2.912770035032648253e-02 7.069780562187800987e-02 3.444609102801365202e-02 2.200844458955682204e-02 1.196151049768108716e-02 6.657897713457253640e-03
3.000000000000000000e+00 2.543744635245290633e-04 3.075274100653388812e-02 6.585659530759900571e-02 3.229703508064424994e-02 2.076597251995476040e-02 1.158571390397089215e-02 6.603450100415819181e-03
3.200000000000000178e+00 1.725055792913830538e-04 3.128492146618780390e-02 6.011069806383056296e-02 2.957102944906168929e-02 1.910551983267359810e-02 1.094771154507963133e-02 6.394915509517507327e-03
3.399999999999999911e+00 1.186138088861453724e-04 3.147855312585405574e-02 5.500173692093286021e-02 2.706767880891343403e-02 1.755421010156314743e-02 1.033328108583244156e-02 6.187210703646320309e-03
3.600000000000000089e+00 8.274638821880292677e-05 3.135555962855952894e-02 5.040184130324286416e-02 2.475780035446388527e-02 1.610605017616295251e-02 9.741917150446737644e-03 5.976171417693727436e-03
3.799999999999999822e+00 5.856976699321252773e-05 3.095302528957055710e-02 4.623561587798388772e-02 2.263113318681526237e-02 1.476206839314038108e-02 9.176429329999090390e-03 5.759196678808555653e-03
4.000000000000000000e+00 4.203012928404752032e-05 3.032964348105955318e-02 4.247325728733281763e-02 2.069138154539841221e-02 1.353057067666858619e-02 8.642782048793162114e-03 5.536952948451306575e-03
4.200000000000000178e+00 3.088025134336420805e-05 nan nan nan nan nan nan
4.400000000000000355e+00 2.284315644018408445e-05 nan nan nan nan nan nan
4.600000000000000533e+00 1.703205510707621925e-05 nan nan nan nan nan nan
4.800000000000000711e+00 1.280805612342423349e-05 nan nan nan nan nan nan
5.000000000000000888e+00 9.717917769151807080e-06 nan nan nan nan nan nan
5.200000000000001066e+00 7.538479533733539098e-06 nan nan nan nan nan nan
5.400000000000001243e+00 5.889096794593102730e-06 nan nan nan nan nan nan
5.600000000000001421e+00 4.634612439172671452e-06 nan nan nan nan nan nan
5.800000000000001599e+00 3.674168018081663017e-06 nan nan nan nan nan nan
6.000000000000001776e+00 2.932680130276056106e-06 nan nan nan nan nan nan
6.200000000000001954e+00 2.384807261416470002e-06 nan nan nan nan nan nan
6.400000000000002132e+00 1.948949113319523966e-06 nan nan nan nan nan nan
6.600000000000002309e+00 1.600560686339866551e-06 nan nan nan nan nan nan
6.800000000000002487e+00 1.320670556924769646e-06 nan nan nan nan nan nan
7.000000000000002665e+00 1.094708051913386290e-06 nan nan nan nan nan nan
7.200000000000002842e+00 9.196534214909026842e-07 nan nan nan nan nan nan
7.400000000000003020e+00 7.748803765903021860e-07 nan nan nan nan nan nan
7.600000000000003197e+00 6.547792751259878473e-07 nan nan nan nan nan nan
7.800000000000003375e+00 5.548033612496588130e-07 nan nan nan nan nan nan
8.000000000000003553e+00 4.713065739564141358e-07 nan nan nan nan nan nan
8.200000000000002842e+00 4.046188563853394401e-07 nan nan nan nan nan nan
8.400000000000003908e+00 3.478189882300953176e-07 nan nan nan nan nan nan
8.600000000000004974e+00 2.994405303220801524e-07 nan nan nan nan nan nan
8.800000000000004263e+00 2.582181015717391253e-07 nan nan nan nan nan nan
9.000000000000003553e+00 2.230648326822270093e-07 nan nan nan nan nan nan
9.200000000000004619e+00 1.942808557786538249e-07 nan nan nan nan nan nan
9.400000000000005684e+00 1.693523644613470994e-07 nan nan nan nan nan nan
9.600000000000004974e+00 1.477661218572560162e-07 nan nan nan nan nan nan
9.800000000000004263e+00 1.290695455653372854e-07 nan nan nan nan nan nan
1.000000000000000533e+01 1.128675566992969341e-07 nan nan nan nan nan nan
1.020000000000000639e+01 9.934703409493435463e-08 nan nan nan nan nan nan
1.040000000000000568e+01 8.750458766315306523e-08 nan nan nan nan nan nan
1.060000000000000497e+01 7.713035019224765562e-08 nan nan nan nan nan nan
1.080000000000000604e+01 6.803948724892838285e-08 nan nan nan nan nan nan
1.100000000000000711e+01 6.007175439018754481e-08 nan nan nan nan nan nan
1.120000000000000639e+01 5.333944993136129712e-08 nan nan nan nan nan nan
1.140000000000000568e+01 4.737944050277353667e-08 nan nan nan nan nan nan
1.160000000000000675e+01 4.210506722163906509e-08 nan nan nan nan nan nan
1.180000000000000782e+01 3.743910177086991288e-08 nan nan nan nan nan nan
1.200000000000000711e+01 3.331368382443622375e-08 nan nan nan nan nan nan
1.220000000000000639e+01 2.978261148785575410e-08 nan nan nan nan nan nan
1.240000000000000568e+01 2.663739969850739122e-08 nan nan nan nan nan nan
1.260000000000000853e+01 2.383495445477438812e-08 nan nan nan nan nan nan
1.280000000000000782e+01 2.133709581443855192e-08 nan nan nan nan nan nan
1.300000000000000711e+01 1.911054900044167808e-08 nan nan nan nan nan nan
1.320000000000000639e+01 1.718873502278313239e-08 nan nan nan nan nan nan
1.340000000000000924e+01 1.546531488114673666e-08 nan nan nan nan nan nan
1.360000000000000853e+01 1.391916246408998786e-08 nan nan nan nan nan nan
1.380000000000000782e+01 1.253139519051220869e-08 nan nan nan nan nan nan
1.400000000000000711e+01 1.128537273796461838e-08 nan nan nan nan nan nan
1.420000000000000995e+01 1.020315658425176069e-08 nan nan nan nan nan nan
1.440000000000000924e+01 9.226517624507261092e-09 nan nan nan nan nan nan
1.460000000000000853e+01 8.345365486376946093e-09 nan nan nan nan nan nan
1.480000000000000782e+01 7.550402757872623601e-09 nan nan nan nan nan nan
1.500000000000001066e+01 6.833124804450912418e-09 nan nan nan nan nan nan
1.520000000000000995e+01 6.205560893133245448e-09 nan nan nan nan nan nan
1.540000000000000924e+01 5.636360563240932286e-09 nan nan nan nan nan nan
1.560000000000000853e+01 5.120080549789177856e-09 nan nan nan nan nan nan
1.580000000000001137e+01 4.651810138241353727e-09 nan nan nan nan nan nan
1.600000000000001066e+01 4.227171138036406097e-09 nan nan nan nan nan nan
1.620000000000000995e+01 3.853376381976262891e-09 nan nan nan nan nan nan
1.640000000000000924e+01 3.513963549120422486e-09 nan nan nan nan nan nan
1.660000000000001208e+01 3.204547037130529594e-09 nan nan nan nan nan nan
1.680000000000001137e+01 2.922123470880375136e-09 nan nan nan nan nan nan
1.700000000000001066e+01 2.665071698600989331e-09 nan nan nan nan nan nan
1.720000000000000995e+01 2.437791641123903513e-09 nan nan nan nan nan nan
1.740000000000001279e+01 2.229866288095399362e-09 nan nan nan nan nan nan
1.760000000000001208e+01 2.039888931739082371e-09 nan nan nan nan nan nan
1.780000000000001137e+01 1.866316633404837016e-09 nan nan nan nan nan nan
1.800000000000001066e+01 1.707470223003987713e-09 nan nan nan nan nan nan
1.820000000000001350e+01 1.566398699714972056e-09 nan nan nan nan nan nan
1.840000000000001279e+01 1.436958997421131534e-09 nan nan nan nan nan nan
1.860000000000001208e+01 1.318217258758253027e-09 nan nan nan nan nan nan
1.880000000000001137e+01 1.209352795324626522e-09 nan nan nan nan nan nan
1.900000000000001421e+01 1.109658087597760219e-09 nan nan nan nan nan nan
1.920000000000001350e+01 1.020757040708213373e-09 nan nan nan nan nan nan
1.940000000000001279e+01 9.388940762286611060e-10 nan nan nan nan nan nan
1.960000000000001208e+01 8.635530259864316094e-10 nan nan nan nan nan nan
1.980000000000001492e+01 7.942851041830020481e-10 nan nan nan nan nan nan
