2.000000000000000111e-01 6.478591818619944931e+00 6.175960026761946331e-01 9.652943543064781418e-01 9.274845126418240771e-01 9.234498234886994172e-01 6.723160155348837375e-01 3.512615350345562049e-01
4.000000000000000222e-01 1.582136062991006842e+00 6.021010555811948661e-01 9.834058148386082276e-01 9.346299360114861399e-01 9.325275922792053418e-01 6.840873795211701580e-01 4.238228465373351517e-01
5.999999999999999778e-01 6.073253909892656344e-01 5.843075118851785987e-01 9.781300518811029132e-01 9.349233548323965248e-01 9.341914406866020926e-01 6.802667307904693983e-01 4.211151534756661929e-01
8.000000000000000444e-01 1.968161252110932624e-01 5.741772015911891236e-01 9.786501423417576229e-01 9.329379811095096509e-01 9.349172881370901855e-01 6.802626351599028176e-01 4.171442764298515238e-01
1.000000000000000000e+00 7.534115378994050982e-02 5.491561312080619484e-01 9.821821768786139772e-01 9.292714949147107273e-01 9.342924444534868034e-01 6.827965724361351185e-01 4.290300792618080283e-01
1.199999999999999956e+00 3.539642537510619830e-02 4.497326909795656413e-01 9.836236034322074495e-01 9.230073284364218589e-01 9.329556674621317658e-01 6.822509838620816058e-01 4.318577135124013200e-01
1.399999999999999911e+00 1.720238847502324891e-02 -6.292186763303660689e-03 9.839214466417850469e-01 9.133702773686652732e-01 9.291693145189932057e-01 6.797675226051036468e-01 4.257030440667731175e-01
1.600000000000000089e+00 8.822534457594453580e-03 -4.968569397891063888e-01 9.828231844183026311e-01 9.025101085980412607e-01 9.193727893531047357e-01 6.753468487403812004e-01 4.144737733856288520e-01
1.800000000000000044e+00 4.754867110915459404e-03 -6.342058748180291472e-01 9.801249376476650621e-01 8.919840642882258530e-01 8.987885373852101401e-01 6.691585207342167774e-01 4.040322538381139195e-01
2.000000000000000000e+00 2.672735539480668339e-03 -6.765072732117557441e-01 9.756095532938716675e-01 8.791083834481724368e-01 8.875957694080124361e-01 6.619307825667070100e-01 3.948814195333766874e-01
2.200000000000000178e+00 1.598048174861029869e-03 -6.992215659415198514e-01 9.688574327994599056e-01 8.611037286311221672e-01 8.796756902659494948e-01 6.539191748242524360e-01 3.850635242675506942e-01
2.399999999999999911e+00 9.757701051730970554e-04 -7.182381645063948827e-01 9.552522156182657875e-01 8.381704908638897278e-01 8.725301330816694900e-01 6.467734548388263116e-01 3.586874428780874036e-01
2.600000000000000089e+00 6.096222313713052380e-04 -7.296074269829371239e-01 9.184442870021042316e-01 8.128594007561351642e-01 8.646199219570865901e-01 6.370340381820720488e-01 3.412828068906644252e-01
2.799999999999999822e+00 3.896016250587230954e-04 -7.355250347062706195e-01 9.050766208916163347e-01 7.933947505522994659e-01 8.545622625941289296e-01 6.243173427539283615e-01 3.113860193991782599e-01
3.000000000000000000e+00 2.543744635245290633e-04 -7.383466950346223578e-01 8.903951373521589163e-01 7.742650097917648244e-01 8.418673183714157071e-01 6.159441793553470657e-01 2.977456861655383702e-01
3.200000000000000178e+00 1.725055792913830538e-04 -7.386002368622168746e-01 8.740917523812563594e-01 7.553038991171888705e-01 8.273474118423231882e-01 6.134643847183638421e-01 2.854438637871500872e-01
3.399999999999999911e+00 1.186138088861453724e-04 -7.355693330855194167e-01 8.563838817434401562e-01 7.301925017102023352e-01 8.119470762520056839e-01 6.066026146295722121e-01 2.760751252568157121e-01
3.600000000000000089e+00 8.274638821880292677e-05 -7.285356248059610129e-01 8.321124051619793738e-01 7.005609651132799209e-01 7.960509774243522685e-01 5.940391575291285031e-01 2.720493208114390660e-01
3.799999999999999822e+00 5.856976699321252773e-05 -7.192283077738477193e-01 8.072328172708206351e-01 6.687808085783827350e-01 7.793936532972050024e-01 5.758889383508614124e-01 2.630076294468567388e-01
4.000000000000000000e+00 4.203012928404752032e-05 -7.113233554261957359e-01 7.839939250222730527e-01 6.246695149219891885e-01 7.609341347447545756e-01 5.511851842622886855e-01 2.460849866688729071e-01
4.200000000000000178e+00 3.088025134336420805e-05 nan nan nan nan nan nan
4.400000000000000355e+00 2.284315644018408445e-05 nan nan nan nan nan nan
4.600000000000000533e+00 1.703205510707621925e-05 nan nan nan nan nan nan
4.800000000000000711e+00 1.280805612342423349e-05 nan nan nan nan nan nan
5.000000000000000888e+00 9.717917769151807080e-06 nan nan nan nan nan nan
5.200000000000001066e+00 7.538479533733539098e-06 nan nan nan nan nan nan
5.400000000000001243e+00 5.889096794593102730e-06 nan nan nan nan nan nan
5.600000000000001421e+00 4.634612439172671452e-06 nan nan nan nan nan nan
5.800000000000001599e+00 3.674168018081663017e-06 nan nan nan nan nan nan
6.000000000000001776e+00 2.932680130276056106e-06 nan nan nan nan nan nan
6.200000000000001954e+00 2.384807261416470002e-06 nan nan nan nan nan nan
6.400000000000002132e+00 1.948949113319523966e-06 nan nan nan nan nan nan
6.600000000000002309e+00 1.600560686339866551e-06 nan nan nan nan nan nan
6.800000000000002487e+00 1.320670556924769646e-06 nan nan nan nan nan nan
7.000000000000002665e+00 1.094708051913386290e-06 nan nan nan nan nan nan
7.200000000000002842e+00 9.196534214909026842e-07 nan nan nan nan nan nan
7.400000000000003020e+00 7.748803765903021860e-07 nan nan nan nan nan nan
7.600000000000003197e+00 6.547792751259878473e-07 nan nan nan nan nan nan
7.800000000000003375e+00 5.548033612496588130e-07 nan nan nan nan nan nan
8.000000000000003553e+00 4.713065739564141358e-07 nan nan nan nan nan nan
8.200000000000002842e+00 4.046188563853394401e-07 nan nan nan nan nan nan
8.400000000000003908e+00 3.478189882300953176e-07 nan nan nan nan nan nan
8.600000000000004974e+00 2.994405303220801524e-07 nan nan nan nan nan nan
8.800000000000004263e+00 2.582181015717391253e-07 nan nan nan nan nan nan
9.000000000000003553e+00 2.230648326822270093e-07 nan nan nan nan nan nan
9.200000000000004619e+00 1.942808557786538249e-07 nan nan nan nan nan nan
9.400000000000005684e+00 1.693523644613470994e-07 nan nan nan nan nan nan
9.600000000000004974e+00 1.477661218572560162e-07 nan nan nan nan nan nan
9.800000000000004263e+00 1.290695455653372854e-07 nan nan nan nan nan nan
1.000000000000000533e+01 1.128675566992969341e-07 nan nan nan nan nan nan
1.020000000000000639e+01 9.934703409493435463e-08 nan nan nan nan nan nan
1.040000000000000568e+01 8.750458766315306523e-08 nan nan nan nan nan nan
1.060000000000000497e+01 7.713035019224765562e-08 nan nan nan nan nan nan
1.080000000000000604e+01 6.803948724892838285e-08 nan nan nan nan nan nan
1.100000000000000711e+01 6.007175439018754481e-08 nan nan nan nan nan nan
1.120000000000000639e+01 5.333944993136129712e-08 nan nan nan nan nan nan
1.140000000000000568e+01 4.737944050277353667e-08 nan nan nan nan nan nan
1.160000000000000675e+01 4.210506722163906509e-08 nan nan nan nan nan nan
1.180000000000000782e+01 3.743910177086991288e-08 nan nan nan nan nan nan
1.200000000000000711e+01 3.331368382443622375e-08 nan nan nan nan nan nan
1.220000000000000639e+01 2.978261148785575410e-08 nan nan nan nan nan nan
1.240000000000000568e+01 2.663739969850739122e-08 nan nan nan nan nan nan
1.260000000000000853e+01 2.383495445477438812e-08 nan nan nan nan nan nan
1.280000000000000782e+01 2.133709581443855192e-08 nan nan nan nan nan nan
1.300000000000000711e+01 1.911054900044167808e-08 nan nan nan nan nan nan
1.320000000000000639e+01 1.718873502278313239e-08 nan nan nan nan nan nan
1.340000000000000924e+01 1.546531488114673666e-08 nan nan nan nan nan nan
1.360000000000000853e+01 1.391916246408998786e-08 nan nan nan nan nan nan
1.380000000000000782e+01 1.253139519051220869e-08 nan nan nan nan nan nan
1.400000000000000711e+01 1.128537273796461838e-08 nan nan nan nan nan nan
1.420000000000000995e+01 1.020315658425176069e-08 nan nan nan nan nan nan
1.440000000000000924e+01 9.226517624507261092e-09 nan nan nan nan nan nan
1.460000000000000853e+01 8.345365486376946093e-09 nan nan nan nan nan nan
1.480000000000000782e+01 7.550402757872623601e-09 nan nan nan nan nan nan
1.500000000000001066e+01 6.833124804450912418e-09 nan nan nan nan nan nan
1.520000000000000995e+01 6.205560893133245448e-09 nan nan nan nan nan nan
1.540000000000000924e+01 5.636360563240932286e-09 nan nan nan nan nan nan
1.560000000000000853e+01 5.120080549789177856e-09 nan nan nan nan nan nan
1.580000000000001137e+01 4.651810138241353727e-09 nan nan nan nan nan nan
1.600000000000001066e+01 4.227171138036406097e-09 nan nan nan nan nan nan
1.620000000000000995e+01 3.853376381976262891e-09 nan nan nan nan nan nan
1.640000000000000924e+01 3.513963549120422486e-09 nan nan nan nan nan nan
1.660000000000001208e+01 3.204547037130529594e-09 nan nan nan nan nan nan
1.680000000000001137e+01 2.922123470880375136e-09 nan nan nan nan nan nan
1.700000000000001066e+01 2.665071698600989331e-09 nan nan nan nan nan nan
1.720000000000000995e+01 2.437791641123903513e-09 nan nan nan nan nan nan
1.740000000000001279e+01 2.229866288095399362e-09 nan nan nan nan nan nan
1.760000000000001208e+01 2.039888931739082371e-09 nan nan nan nan nan nan
1.780000000000001137e+01 1.866316633404837016e-09 nan nan nan nan nan nan
1.800000000000001066e+01 1.707470223003987713e-09 nan nan nan nan nan nan
1.820000000000001350e+01 1.566398699714972056e-09 nan nan nan nan nan nan
1.840000000000001279e+01 1.436958997421131534e-09 nan nan nan nan nan nan
1.860000000000001208e+01 1.318217258758253027e-09 nan nan nan nan nan nan
1.880000000000001137e+01 1.209352795324626522e-09 nan nan nan nan nan nan
1.900000000000001421e+01 1.109658087597760219e-09 nan nan nan nan nan nan
1.920000000000001350e+01 1.020757040708213373e-09 nan nan nan nan nan nan
1.940000000000001279e+01 9.388940762286611060e-10 nan nan nan nan nan nan
1.960000000000001208e+01 8.635530259864316094e-10 nan nan nan nan nan nan
1.980000000000001492e+01 7.942851041830020481e-10 nan nan nan nan nan nan
