2.000000000000000111e-01 2.315560307922595484e+00 2.249228936678579482e-02 3.957163077041381261e-02 8.658585625082431889e-03 2.536099763724639512e-03 5.243986795124360410e-04 1.703746826226962350e-04
4.000000000000000222e-01 5.891507392327562931e-01 1.649279302243771353e-02 3.913279640254110903e-02 1.003113843638601260e-02 3.743183052608345818e-03 1.172747016884703513e-03 4.107383884975799281e-04
5.999999999999999778e-01 2.311894707822661765e-01 1.315739045445174331e-02 3.873402251287102332e-02 1.079999885239502425e-02 4.235499003943631220e-03 1.388803459395923081e-03 5.198691823909641543e-04
8.000000000000000444e-01 7.286747853246337836e-02 1.402326334514417475e-02 5.614002581526745389e-02 1.748802067009012917e-02 7.360082770023727503e-03 2.526066406289662926e-03 9.565462708504674470e-04
1.000000000000000000e+00 2.718374411703176896e-02 1.198925480754670439e-02 7.293953177338348415e-02 2.512212442669297524e-02 1.160924552442520880e-02 4.383441521426881780e-03 1.762634234723316640e-03
1.199999999999999956e+00 1.271864835680745244e-02 7.674128706635276881e-03 7.786340169992325699e-02 2.888363805359580455e-02 1.451275528963212949e-02 5.979221521353689228e-03 2.653335820010796833e-03
1.399999999999999911e+00 6.140047976112847708e-03 6.861206310390675737e-03 8.273749982370154354e-02 3.235869578383251260e-02 1.731264970644777815e-02 7.586476740505426059e-03 3.651058840945326824e-03
1.600000000000000089e+00 3.137345032106217142e-03 1.074340141021850464e-02 8.524524412511431948e-02 3.462930308022496573e-02 1.942560669121403544e-02 8.871233544024812248e-03 4.529674740452573414e-03
1.800000000000000044e+00 1.690425059299620510e-03 1.614979192710020578e-02 8.542560585218088309e-02 3.566523987812500462e-02 2.077265607358731725e-02 9.770688433257465957e-03 5.221103440871445629e-03
2.000000000000000000e+00 9.526101847182530651e-04 2.162566885811308473e-02 8.384743827667194560e-02 3.569296620551316163e-02 2.145053476823657879e-02 1.033044763240974738e-02 5.738582176509935892e-03
2.200000000000000178e+00 5.748995202450080154e-04 2.593727755687849634e-02 7.863375218402210431e-02 3.391348126668850688e-02 2.096360140897003677e-02 1.029933242135367376e-02 5.940080901271600246e-03
2.399999999999999911e+00 3.540603704881341578e-04 2.984212185538526532e-02 7.385889964549069431e-02 3.211681472259119569e-02 2.034640612472694496e-02 1.019485321823889595e-02 6.091630616005050576e-03
2.600000000000000089e+00 2.230929308767983714e-04 3.323169470139287346e-02 6.922523788176035420e-02 3.022976209241578366e-02 1.957570950946577876e-02 1.000878120266538232e-02 6.188263751888535211e-03
2.799999999999999822e+00 1.438007416390875708e-04 3.605985937517965784e-02 6.469003784061905238e-02 2.828134308944059774e-02 1.868072230973310752e-02 9.756361668236655099e-03 6.233704783300569874e-03
3.000000000000000000e+00 9.469096546389041034e-05 3.832989287921068772e-02 6.030568315605539659e-02 2.633642296355885246e-02 1.771328938554676477e-02 9.461505896131079327e-03 6.236737762087436569e-03
3.200000000000000178e+00 6.490215621478815809e-05 3.931059363813023400e-02 5.503307279744588942e-02 2.397914442954630215e-02 1.641111531068937743e-02 8.972346249666028270e-03 6.092571958878308103e-03
3.399999999999999911e+00 4.504928913081260967e-05 3.998608577580082396e-02 5.045627560993667243e-02 2.192747616359945820e-02 1.525194082145970437e-02 8.542013216948396090e-03 5.954603108968876610e-03
3.600000000000000089e+00 3.169578373272738500e-05 4.033291116693623474e-02 4.639153739901635820e-02 2.011751858504471843e-02 1.421048199130717921e-02 8.153173614201099373e-03 5.815370267260827446e-03
3.799999999999999822e+00 2.261006371106589146e-05 4.035200896642517771e-02 4.272641414263520648e-02 1.850829463521861187e-02 1.327140386297969571e-02 7.794239778854639318e-03 5.672947128953445377e-03
4.000000000000000000e+00 1.634061920196949313e-05 4.008105718859273497e-02 3.941164619138744218e-02 1.708263711845248861e-02 1.243075438715075982e-02 7.461887997102975220e-03 5.529713980310130284e-03
4.200000000000000178e+00 1.210928066085572857e-05 nan nan nan nan nan nan
4.400000000000000355e+00 9.032386495767123801e-06 nan nan nan nan nan nan
4.600000000000000533e+00 6.788784321085342272e-06 nan nan nan nan nan nan
4.800000000000000711e+00 5.144316772903456657e-06 nan nan nan nan nan nan
5.000000000000000888e+00 3.931388860089837156e-06 nan nan nan nan nan nan
5.200000000000001066e+00 3.071816805880451617e-06 nan nan nan nan nan nan
5.400000000000001243e+00 2.415174358337729532e-06 nan nan nan nan nan nan
5.600000000000001421e+00 1.911477150676706638e-06 nan nan nan nan nan nan
5.800000000000001599e+00 1.522840271313631445e-06 nan nan nan nan nan nan
6.000000000000001776e+00 1.220675383783973015e-06 nan nan nan nan nan nan
6.200000000000001954e+00 9.963970249318828907e-07 nan nan nan nan nan nan
6.400000000000002132e+00 8.168369107217223786e-07 nan nan nan nan nan nan
6.600000000000002309e+00 6.725370361266839488e-07 nan nan nan nan nan nan
6.800000000000002487e+00 5.560811885951378510e-07 nan nan nan nan nan nan
7.000000000000002665e+00 4.617056982965697217e-07 nan nan nan nan nan nan
7.200000000000002842e+00 3.884034187451561867e-07 nan nan nan nan nan nan
7.400000000000003020e+00 3.276075287468402650e-07 nan nan nan nan nan nan
7.600000000000003197e+00 2.770570418691792395e-07 nan nan nan nan nan nan
7.800000000000003375e+00 2.349008773549453952e-07 nan nan nan nan nan nan
8.000000000000003553e+00 1.996430520358171717e-07 nan nan nan nan nan nan
8.200000000000002842e+00 1.714559827244551411e-07 nan nan nan nan nan nan
8.400000000000003908e+00 1.474257503121522932e-07 nan nan nan nan nan nan
8.600000000000004974e+00 1.269440019134377416e-07 nan nan nan nan nan nan
8.800000000000004263e+00 1.094827665189528271e-07 nan nan nan nan nan nan
9.000000000000003553e+00 9.458661705393663498e-08 nan nan nan nan nan nan
9.200000000000004619e+00 8.238624877882518936e-08 nan nan nan nan nan nan
9.400000000000005684e+00 7.181782217980597470e-08 nan nan nan nan nan nan
9.600000000000004974e+00 6.266500511882023724e-08 nan nan nan nan nan nan
9.800000000000004263e+00 5.473666639545666938e-08 nan nan nan nan nan nan
1.000000000000000533e+01 4.786573514345723037e-08 nan nan nan nan nan nan
1.020000000000000639e+01 4.213171758647225417e-08 nan nan nan nan nan nan
1.040000000000000568e+01 3.710927158320675012e-08 nan nan nan nan nan nan
1.060000000000000497e+01 3.270947309363174379e-08 nan nan nan nan nan nan
1.080000000000000604e+01 2.885397209744298706e-08 nan nan nan nan nan nan
1.100000000000000711e+01 2.547482334353977624e-08 nan nan nan nan nan nan
1.120000000000000639e+01 2.261964056083008100e-08 nan nan nan nan nan nan
1.140000000000000568e+01 2.009202342846958770e-08 nan nan nan nan nan nan
1.160000000000000675e+01 1.785521233600934912e-08 nan nan nan nan nan nan
1.180000000000000782e+01 1.587644706460345723e-08 nan nan nan nan nan nan
1.200000000000000711e+01 1.412694112594860201e-08 nan nan nan nan nan nan
1.220000000000000639e+01 1.262949828635932367e-08 nan nan nan nan nan nan
1.240000000000000568e+01 1.129570400378863839e-08 nan nan nan nan nan nan
1.260000000000000853e+01 1.010727846398880309e-08 nan nan nan nan nan nan
1.280000000000000782e+01 9.048026887372324953e-09 nan nan nan nan nan nan
1.300000000000000711e+01 8.103835546289071560e-09 nan nan nan nan nan nan
1.320000000000000639e+01 7.288873580784363781e-09 nan nan nan nan nan nan
1.340000000000000924e+01 6.558046248972298975e-09 nan nan nan nan nan nan
1.360000000000000853e+01 5.902393446629744606e-09 nan nan nan nan nan nan
1.380000000000000782e+01 5.313906835927467959e-09 nan nan nan nan nan nan
1.400000000000000711e+01 4.785529211711899198e-09 nan nan nan nan nan nan
1.420000000000000995e+01 4.326614918490190872e-09 nan nan nan nan nan nan
1.440000000000000924e+01 3.912471650996514765e-09 nan nan nan nan nan nan
1.460000000000000853e+01 3.538820236375207931e-09 nan nan nan nan nan nan
1.480000000000000782e+01 3.201717855547667228e-09 nan nan nan nan nan nan
1.500000000000001066e+01 2.897557939739289624e-09 nan nan nan nan nan nan
1.520000000000000995e+01 2.631441278630161276e-09 nan nan nan nan nan nan
1.540000000000000924e+01 2.390073741844454270e-09 nan nan nan nan nan nan
1.560000000000000853e+01 2.171147050987898688e-09 nan nan nan nan nan nan
1.580000000000001137e+01 1.972578776460041040e-09 nan nan nan nan nan nan
1.600000000000001066e+01 1.792512320113407125e-09 nan nan nan nan nan nan
1.620000000000000995e+01 1.634006213624925368e-09 nan nan nan nan nan nan
1.640000000000000924e+01 1.490079664168670605e-09 nan nan nan nan nan nan
1.660000000000001208e+01 1.358872959608847211e-09 nan nan nan nan nan nan
1.680000000000001137e+01 1.239112519583740104e-09 nan nan nan nan nan nan
1.700000000000001066e+01 1.130110892524475792e-09 nan nan nan nan nan nan
1.720000000000000995e+01 1.033733836136883991e-09 nan nan nan nan nan nan
1.740000000000001279e+01 9.455640624653465530e-10 nan nan nan nan nan nan
1.760000000000001208e+01 8.650050600102104187e-10 nan nan nan nan nan nan
1.780000000000001137e+01 7.914025502899059836e-10 nan nan nan nan nan nan
1.800000000000001066e+01 7.240444873158362989e-10 nan nan nan nan nan nan
1.820000000000001350e+01 6.642237828563938211e-10 nan nan nan nan nan nan
1.840000000000001279e+01 6.093354984860962139e-10 nan nan nan nan nan nan
1.860000000000001208e+01 5.589836357278410060e-10 nan nan nan nan nan nan
1.880000000000001137e+01 5.128201850711203587e-10 nan nan nan nan nan nan
1.900000000000001421e+01 4.705451258774116624e-10 nan nan nan nan nan nan
1.920000000000001350e+01 4.328470669146760129e-10 nan nan nan nan nan nan
1.940000000000001279e+01 3.981334731826048580e-10 nan nan nan nan nan nan
1.960000000000001208e+01 3.661854659134964606e-10 nan nan nan nan nan nan
1.980000000000001492e+01 3.368127395524110225e-10 nan nan nan nan nan nan
