2.000000000000000111e-01 1.400298850468210787e+00 5.966906509580849338e-01 9.538488633643099623e-01 9.189085194641115617e-01 7.984606584641077420e-01 4.247290288575660822e-01 1.886723727062030176e-01
4.000000000000000222e-01 3.690736778915260086e-01 5.914531894942511858e-01 9.612090490941600507e-01 9.282920355490899000e-01 8.279651955213747083e-01 5.108162320762763553e-01 2.817388202261049135e-01
5.999999999999999778e-01 1.475066719378367586e-01 5.864122638714793778e-01 9.600997394903966198e-01 9.286650700419681881e-01 8.235442949314389915e-01 5.013991526664883791e-01 2.541166209823769173e-01
8.000000000000000444e-01 4.588284914502394063e-02 5.847382888889127717e-01 9.595161752467663563e-01 9.308364823747408145e-01 8.212332809274321965e-01 4.836878907420806839e-01 2.256020019624205009e-01
1.000000000000000000e+00 1.692644648742241270e-02 5.624782580867123682e-01 9.598284884702923403e-01 9.283046926910005769e-01 8.193559661031667440e-01 4.744162371375458265e-01 1.998847904133021491e-01
1.199999999999999956e+00 7.934346491647934277e-03 3.528710732495813907e-01 9.583608781996091341e-01 9.221485649621695702e-01 8.153084074172686213e-01 4.691485807529524044e-01 1.822179089659387574e-01
1.399999999999999911e+00 3.830580066319103950e-03 -2.575078824389462340e-01 9.527594092822598837e-01 9.199850526774754345e-01 8.062671241773128328e-01 4.649847799388066583e-01 1.822807628052826867e-01
1.600000000000000089e+00 1.960038017972069464e-03 -5.304861521794516088e-01 9.410473917931458931e-01 9.126035553778982790e-01 7.828304241553670773e-01 4.605508128241655452e-01 1.698540053585302634e-01
1.800000000000000044e+00 1.059187703384590002e-03 -6.059071245685452300e-01 9.231983672710163402e-01 9.001301444113730676e-01 7.705737881535414946e-01 4.547303146041310473e-01 1.743041197391634045e-01
2.000000000000000000e+00 5.993058842339508800e-04 -6.189617441029748868e-01 9.034914304531865836e-01 8.880195388017394498e-01 7.559798118125514721e-01 4.467893720415558878e-01 1.817115066487234309e-01
2.200000000000000178e+00 3.642064954305064095e-04 -6.236924889075369238e-01 8.828547676621762985e-01 8.696767919458789908e-01 7.351415036682893422e-01 4.365475615247058627e-01 1.934712770248374070e-01
2.399999999999999911e+00 2.256862348200786722e-04 -6.221008374546687092e-01 8.594595303185103008e-01 8.448189712002989182e-01 7.275185851245109525e-01 4.251678984119193760e-01 2.006115511477694902e-01
2.600000000000000089e+00 1.430217233684275880e-04 -6.333675852712686849e-01 8.254910882480115397e-01 8.235214968224845444e-01 7.204475118625754959e-01 4.133430213539796005e-01 1.983028906393416446e-01
2.799999999999999822e+00 9.268699106703116267e-05 -6.365308893042755933e-01 7.964700114796111619e-01 7.907663042225603345e-01 7.106413694756295030e-01 4.024116495565682738e-01 1.934106967507878416e-01
3.000000000000000000e+00 6.134099132385490544e-05 -6.415103634719028225e-01 7.685963313753085835e-01 7.721209455141139211e-01 6.821834765226670871e-01 3.872442428497656075e-01 1.930975963046918098e-01
3.200000000000000178e+00 4.227528091937842115e-05 -6.468602172289134034e-01 7.402132109929798753e-01 7.533523223221362253e-01 6.686964571503339894e-01 3.688237383307501061e-01 1.910756949743585287e-01
3.399999999999999911e+00 2.948112539913141464e-05 -6.467463156787026657e-01 7.122828814618710203e-01 7.327330014239533673e-01 6.502868752871988622e-01 3.565540048534148743e-01 1.853547224628492585e-01
3.600000000000000089e+00 2.082594414660935529e-05 -6.422852515998243028e-01 6.838374883576374685e-01 6.964197139726475694e-01 6.345832769633089621e-01 3.465072171049533023e-01 1.780861738560431951e-01
3.799999999999999822e+00 1.490806930540137543e-05 -6.367670055717910005e-01 6.476163162526682449e-01 6.739153355677119928e-01 6.231362516915827099e-01 3.340225062443602511e-01 1.679775424326835354e-01
4.000000000000000000e+00 1.080702900076588485e-05 -6.314353666226591999e-01 6.166016065001114210e-01 6.482792021675247707e-01 6.090350775068572586e-01 3.241550294167490631e-01 1.536906937107344606e-01
4.200000000000000178e+00 8.035661572445750172e-06 nan nan nan nan nan nan
4.400000000000000355e+00 6.012709993518454660e-06 nan nan nan nan nan nan
4.600000000000000533e+00 4.532346953614389593e-06 nan nan nan nan nan nan
4.800000000000000711e+00 3.443626337911522733e-06 nan nan nan nan nan nan
5.000000000000000888e+00 2.638033178994989121e-06 nan nan nan nan nan nan
5.200000000000001066e+00 2.065924941749224084e-06 nan nan nan nan nan nan
5.400000000000001243e+00 1.627449983081793547e-06 nan nan nan nan nan nan
5.600000000000001421e+00 1.290140030061730795e-06 nan nan nan nan nan nan
5.800000000000001599e+00 1.029228638538244699e-06 nan nan nan nan nan nan
6.000000000000001776e+00 8.259255661299543301e-07 nan nan nan nan nan nan
6.200000000000001954e+00 6.747979560976471007e-07 nan nan nan nan nan nan
6.400000000000002132e+00 5.535899974323725323e-07 nan nan nan nan nan nan
6.600000000000002309e+00 4.560446076768722161e-07 nan nan nan nan nan nan
6.800000000000002487e+00 3.772313747500189335e-07 nan nan nan nan nan nan
7.000000000000002665e+00 3.133034517088099332e-07 nan nan nan nan nan nan
7.200000000000002842e+00 2.636175889880842745e-07 nan nan nan nan nan nan
7.400000000000003020e+00 2.223850827914571523e-07 nan nan nan nan nan nan
7.600000000000003197e+00 1.880866965603470935e-07 nan nan nan nan nan nan
7.800000000000003375e+00 1.594752725643400663e-07 nan nan nan nan nan nan
8.000000000000003553e+00 1.355408551439333566e-07 nan nan nan nan nan nan
8.200000000000002842e+00 1.164033741679475159e-07 nan nan nan nan nan nan
8.400000000000003908e+00 1.000869636153997305e-07 nan nan nan nan nan nan
8.600000000000004974e+00 8.617952151014085656e-08 nan nan nan nan nan nan
8.800000000000004263e+00 7.432303329251510955e-08 nan nan nan nan nan nan
9.000000000000003553e+00 6.420846514302889254e-08 nan nan nan nan nan nan
9.200000000000004619e+00 5.592440789403796771e-08 nan nan nan nan nan nan
9.400000000000005684e+00 4.874878095159875231e-08 nan nan nan nan nan nan
9.600000000000004974e+00 4.253461797772783845e-08 nan nan nan nan nan nan
9.800000000000004263e+00 3.715206340210227401e-08 nan nan nan nan nan nan
1.000000000000000533e+01 3.248760739787800055e-08 nan nan nan nan nan nan
1.020000000000000639e+01 2.859509026014709946e-08 nan nan nan nan nan nan
1.040000000000000568e+01 2.518577853320641316e-08 nan nan nan nan nan nan
1.060000000000000497e+01 2.219925304205588434e-08 nan nan nan nan nan nan
1.080000000000000604e+01 1.958228582596070423e-08 nan nan nan nan nan nan
1.100000000000000711e+01 1.728872257993073329e-08 nan nan nan nan nan nan
1.120000000000000639e+01 1.535083866586497868e-08 nan nan nan nan nan nan
1.140000000000000568e+01 1.363532784195810752e-08 nan nan nan nan nan nan
1.160000000000000675e+01 1.211722381895472176e-08 nan nan nan nan nan nan
1.180000000000000782e+01 1.077427936566920287e-08 nan nan nan nan nan nan
1.200000000000000711e+01 9.586947735263907227e-09 nan nan nan nan nan nan
1.220000000000000639e+01 8.570694705620197352e-09 nan nan nan nan nan nan
1.240000000000000568e+01 7.665514677908579798e-09 nan nan nan nan nan nan
1.260000000000000853e+01 6.858997746288680990e-09 nan nan nan nan nan nan
1.280000000000000782e+01 6.140150212638168945e-09 nan nan nan nan nan nan
1.300000000000000711e+01 5.499391563799089067e-09 nan nan nan nan nan nan
1.320000000000000639e+01 4.946334990393266807e-09 nan nan nan nan nan nan
1.340000000000000924e+01 4.450377280544568537e-09 nan nan nan nan nan nan
1.360000000000000853e+01 4.005436879257061046e-09 nan nan nan nan nan nan
1.380000000000000782e+01 3.606078407894366846e-09 nan nan nan nan nan nan
1.400000000000000711e+01 3.247512156975601233e-09 nan nan nan nan nan nan
1.420000000000000995e+01 2.936085591010585519e-09 nan nan nan nan nan nan
1.440000000000000924e+01 2.655041968668877644e-09 nan nan nan nan nan nan
1.460000000000000853e+01 2.401477153903080863e-09 nan nan nan nan nan nan
1.480000000000000782e+01 2.172715330044835671e-09 nan nan nan nan nan nan
1.500000000000001066e+01 1.966308912068413005e-09 nan nan nan nan nan nan
1.520000000000000995e+01 1.785719234445315135e-09 nan nan nan nan nan nan
1.540000000000000924e+01 1.621924718982882438e-09 nan nan nan nan nan nan
1.560000000000000853e+01 1.473358894209056006e-09 nan nan nan nan nan nan
1.580000000000001137e+01 1.338608566075352074e-09 nan nan nan nan nan nan
1.600000000000001066e+01 1.216413802331274876e-09 nan nan nan nan nan nan
1.620000000000000995e+01 1.108850124992699294e-09 nan nan nan nan nan nan
1.640000000000000924e+01 1.011180296149286592e-09 nan nan nan nan nan nan
1.660000000000001208e+01 9.221422884204096449e-10 nan nan nan nan nan nan
1.680000000000001137e+01 8.408718312796544014e-10 nan nan nan nan nan nan
1.700000000000001066e+01 7.669024081961190464e-10 nan nan nan nan nan nan
1.720000000000000995e+01 7.015001325392459233e-10 nan nan nan nan nan nan
1.740000000000001279e+01 6.416673939819614145e-10 nan nan nan nan nan nan
1.760000000000001208e+01 5.869993925225153106e-10 nan nan nan nan nan nan
1.780000000000001137e+01 5.370521276986463253e-10 nan nan nan nan nan nan
1.800000000000001066e+01 4.913423980519304323e-10 nan nan nan nan nan nan
1.820000000000001350e+01 4.507475828282615124e-10 nan nan nan nan nan nan
1.840000000000001279e+01 4.134999492798776555e-10 nan nan nan nan nan nan
1.860000000000001208e+01 3.793307691392000165e-10 nan nan nan nan nan nan
1.880000000000001137e+01 3.480038799782325912e-10 nan nan nan nan nan nan
1.900000000000001421e+01 3.193156851060965627e-10 nan nan nan nan nan nan
1.920000000000001350e+01 2.937334797173727756e-10 nan nan nan nan nan nan
1.940000000000001279e+01 2.701765566904663142e-10 nan nan nan nan nan nan
1.960000000000001208e+01 2.484963830316216744e-10 nan nan nan nan nan nan
1.980000000000001492e+01 2.285638157879252013e-10 nan nan nan nan nan nan
