2.000000000000000111e-01 1.875603057139721697e-01 6.281836149441577533e-01 9.353054254791638433e-01 6.865134604693660103e-01 6.686254118651001610e-01 4.134416932792490673e-01 3.122727486876293312e-01
4.000000000000000222e-01 6.023632707926952767e-02 6.315142002830934631e-01 9.376746771696379268e-01 6.770432755123724222e-01 5.979251247687100701e-01 2.550015286592478558e-01 3.002648008468202234e-01
5.999999999999999778e-01 2.631260880078322220e-02 6.364236496533047793e-01 9.348286350861246818e-01 6.800848237906649274e-01 5.497393683314498736e-01 1.917564752416784091e-01 2.283524114228876467e-01
8.000000000000000444e-01 7.894989161707334849e-03 6.463203604364999855e-01 9.172774000879666545e-01 6.786893362892113535e-01 5.252964339975431107e-01 1.425921320637091871e-01 1.464365348827174618e-01
1.000000000000000000e+00 2.833823392019929610e-03 6.717245435276251175e-01 8.965156690123465832e-01 6.690632414496354707e-01 5.216946290995825297e-01 1.269413347774663858e-01 7.673452172968253659e-02
1.199999999999999956e+00 1.353268523976819751e-03 6.705975446650003224e-01 8.780258340655906490e-01 6.514026658740060816e-01 5.434522814704390026e-01 1.292082924983793402e-01 8.217720938300747402e-02
1.399999999999999911e+00 6.588529759730297423e-04 5.332210245319788378e-01 8.631112653023190751e-01 6.327840968126625665e-01 5.611369206990798331e-01 1.225632297163918166e-01 1.345974656254582402e-01
1.600000000000000089e+00 3.405272228970399918e-04 1.591462476965347650e-01 8.496359250166264365e-01 6.179381994432679992e-01 5.705538085957295724e-01 1.347187098908207148e-01 1.970711526168145988e-01
1.800000000000000044e+00 1.863168960553793197e-04 -1.646734078532962608e-01 8.377235872678633344e-01 6.026603483054198129e-01 5.661884984622090888e-01 1.473819051173568817e-01 2.218033190223012985e-01
2.000000000000000000e+00 1.068714879356362046e-04 -3.255434043846960890e-01 8.289639232371475153e-01 5.828841933940369646e-01 5.616986432165660403e-01 1.586351099382066476e-01 2.395654448869881104e-01
2.200000000000000178e+00 6.631002151259152004e-05 -4.326440339390719703e-01 8.224267086624403866e-01 5.568232294620881762e-01 5.691776513130150095e-01 1.667990264940225342e-01 2.389517571398948881e-01
2.399999999999999911e+00 4.178613084903248543e-05 -5.112188911316319917e-01 8.163475604988051915e-01 5.344292836539497049e-01 5.604234532484807518e-01 1.712819954627730068e-01 2.336161989764426739e-01
2.600000000000000089e+00 2.686656729760980426e-05 -5.444489981432582004e-01 8.092264945768902207e-01 4.938963799200719595e-01 5.609286464330650590e-01 1.713723099802157979e-01 2.235087858814653050e-01
2.799999999999999822e+00 1.763439432494521872e-05 -5.674841831033364814e-01 8.003760600475856579e-01 4.560774286319771442e-01 5.533699695804332741e-01 1.699913040778213424e-01 2.226604203398534765e-01
3.000000000000000000e+00 1.180236670128042305e-05 -6.049446041936027418e-01 7.897724366748353209e-01 4.154978112455973149e-01 5.385287860298487717e-01 1.692214005497150731e-01 2.103352891179220696e-01
3.200000000000000178e+00 8.236345754454291702e-06 -6.141150302080953249e-01 7.789050731706103070e-01 3.737012355196617786e-01 5.289331870571080119e-01 1.561738494454295301e-01 2.008936558168386843e-01
3.399999999999999911e+00 5.802526724085910198e-06 -6.201831100869580338e-01 7.703892236757254874e-01 3.291961766455722138e-01 5.254096041272786621e-01 1.541054083792950669e-01 1.848490696821518675e-01
3.600000000000000089e+00 4.134344543898088563e-06 -6.247714754623375777e-01 7.618777902352237286e-01 2.803847754555308658e-01 5.217526767963094336e-01 1.344298269204408647e-01 1.633528346146586041e-01
3.799999999999999822e+00 2.981674158255288781e-06 -6.283386384302009908e-01 7.488319231615903071e-01 2.558261762318493893e-01 5.100227119096688577e-01 1.171928513668786809e-01 1.492785092410830461e-01
4.000000000000000000e+00 2.175741311793672642e-06 -6.312331028377823339e-01 7.278267691310684739e-01 2.220756502660063969e-01 4.895482610814921309e-01 9.878176867644913872e-02 1.464800196283359557e-01
4.200000000000000178e+00 1.631229734970785113e-06 nan nan nan nan nan nan
4.400000000000000355e+00 1.230405363280423788e-06 nan nan nan nan nan nan
4.600000000000000533e+00 9.346763156094267348e-07 nan nan nan nan nan nan
4.800000000000000711e+00 7.154122348648607434e-07 nan nan nan nan nan nan
5.000000000000000888e+00 5.518622138418747288e-07 nan nan nan nan nan nan
5.200000000000001066e+00 4.351930459563741035e-07 nan nan nan nan nan nan
5.400000000000001243e+00 3.449372548797548443e-07 nan nan nan nan nan nan
5.600000000000001421e+00 2.749197404600525376e-07 nan nan nan nan nan nan
5.800000000000001599e+00 2.203480722888764097e-07 nan nan nan nan nan nan
6.000000000000001776e+00 1.775324984075270172e-07 nan nan nan nan nan nan
6.200000000000001954e+00 1.455665023444347141e-07 nan nan nan nan nan nan
6.400000000000002132e+00 1.197712571174749466e-07 nan nan nan nan nan nan
6.600000000000002309e+00 9.890428314160367691e-08 nan nan nan nan nan nan
6.800000000000002487e+00 8.197121163103555971e-08 nan nan nan nan nan nan
7.000000000000002665e+00 6.818649732515936730e-08 nan nan nan nan nan nan
7.200000000000002842e+00 5.744641584509349356e-08 nan nan nan nan nan nan
7.400000000000003020e+00 4.850937397786263634e-08 nan nan nan nan nan nan
7.600000000000003197e+00 4.105918234801377225e-08 nan nan nan nan nan nan
7.800000000000003375e+00 3.483362465164911994e-08 nan nan nan nan nan nan
8.000000000000003553e+00 2.961870401851294434e-08 nan nan nan nan nan nan
8.200000000000002842e+00 2.544512238998440435e-08 nan nan nan nan nan nan
8.400000000000003908e+00 2.188364229042085418e-08 nan nan nan nan nan nan
8.600000000000004974e+00 1.884599072112273936e-08 nan nan nan nan nan nan
8.800000000000004263e+00 1.625504985503738350e-08 nan nan nan nan nan nan
9.000000000000003553e+00 1.404397773368760483e-08 nan nan nan nan nan nan
9.200000000000004619e+00 1.223261326389133973e-08 nan nan nan nan nan nan
9.400000000000005684e+00 1.066331984857872783e-08 nan nan nan nan nan nan
9.600000000000004974e+00 9.304126505150624469e-09 nan nan nan nan nan nan
9.800000000000004263e+00 8.126733357300016920e-09 nan nan nan nan nan nan
1.000000000000000533e+01 7.106371516686306076e-09 nan nan nan nan nan nan
1.020000000000000639e+01 6.254845449351514349e-09 nan nan nan nan nan nan
1.040000000000000568e+01 5.509022027706053433e-09 nan nan nan nan nan nan
1.060000000000000497e+01 4.855692125039575283e-09 nan nan nan nan nan nan
1.080000000000000604e+01 4.283214488321627461e-09 nan nan nan nan nan nan
1.100000000000000711e+01 3.781492491457204448e-09 nan nan nan nan nan nan
1.120000000000000639e+01 3.357581328479288653e-09 nan nan nan nan nan nan
1.140000000000000568e+01 2.982322842106790485e-09 nan nan nan nan nan nan
1.160000000000000675e+01 2.650253361857497034e-09 nan nan nan nan nan nan
1.180000000000000782e+01 2.356504294851475672e-09 nan nan nan nan nan nan
1.200000000000000711e+01 2.096798119099595641e-09 nan nan nan nan nan nan
1.220000000000000639e+01 1.874515106638497004e-09 nan nan nan nan nan nan
1.240000000000000568e+01 1.676530132287040408e-09 nan nan nan nan nan nan
1.260000000000000853e+01 1.500127736783943629e-09 nan nan nan nan nan nan
1.280000000000000782e+01 1.342902482193413396e-09 nan nan nan nan nan nan
1.300000000000000711e+01 1.202758236490028548e-09 nan nan nan nan nan nan
1.320000000000000639e+01 1.081796776551338705e-09 nan nan nan nan nan nan
1.340000000000000924e+01 9.733245877351235245e-10 nan nan nan nan nan nan
1.360000000000000853e+01 8.760112302184737611e-10 nan nan nan nan nan nan
1.380000000000000782e+01 7.886676765809176269e-10 nan nan nan nan nan nan
1.400000000000000711e+01 7.102461798983484417e-10 nan nan nan nan nan nan
1.420000000000000995e+01 6.421347794317162983e-10 nan nan nan nan nan nan
1.440000000000000924e+01 5.806685998907278799e-10 nan nan nan nan nan nan
1.460000000000000853e+01 5.252124020072146873e-10 nan nan nan nan nan nan
1.480000000000000782e+01 4.751809045317178620e-10 nan nan nan nan nan nan
1.500000000000001066e+01 4.300387592074236648e-10 nan nan nan nan nan nan
1.520000000000000995e+01 3.905429290367828676e-10 nan nan nan nan nan nan
1.540000000000000924e+01 3.547203385062457716e-10 nan nan nan nan nan nan
1.560000000000000853e+01 3.222283730095771935e-10 nan nan nan nan nan nan
1.580000000000001137e+01 2.927579459280066156e-10 nan nan nan nan nan nan
1.600000000000001066e+01 2.660334937616582708e-10 nan nan nan nan nan nan
1.620000000000000995e+01 2.425089296512090720e-10 nan nan nan nan nan nan
1.640000000000000924e+01 2.211481990334356300e-10 nan nan nan nan nan nan
1.660000000000001208e+01 2.016752876499072464e-10 nan nan nan nan nan nan
1.680000000000001137e+01 1.839011731503947524e-10 nan nan nan nan nan nan
1.700000000000001066e+01 1.677238241250331067e-10 nan nan nan nan nan nan
1.720000000000000995e+01 1.534201410343646200e-10 nan nan nan nan nan nan
1.740000000000001279e+01 1.403345363028090858e-10 nan nan nan nan nan nan
1.760000000000001208e+01 1.283784778162475272e-10 nan nan nan nan nan nan
1.780000000000001137e+01 1.174548605145469567e-10 nan nan nan nan nan nan
1.800000000000001066e+01 1.074580061955861407e-10 nan nan nan nan nan nan
1.820000000000001350e+01 9.857979972594875385e-11 nan nan nan nan nan nan
1.840000000000001279e+01 9.043363252490537879e-11 nan nan nan nan nan nan
1.860000000000001208e+01 8.296073268087615615e-11 nan nan nan nan nan nan
1.880000000000001137e+01 7.610945059417891893e-11 nan nan nan nan nan nan
1.900000000000001421e+01 6.983525893672533408e-11 nan nan nan nan nan nan
1.920000000000001350e+01 6.424035639666314196e-11 nan nan nan nan nan nan
1.940000000000001279e+01 5.908838914778900633e-11 nan nan nan nan nan nan
1.960000000000001208e+01 5.434687253812344184e-11 nan nan nan nan nan nan
1.980000000000001492e+01 4.998756258882481112e-11 nan nan nan nan nan nan
