2.000000000000000111e-01 2.610818017539040881e+01 7.886979508033462594e-01 9.412287850461175109e-01 9.316982602336327801e-01 8.600918818615782557e-01 6.154246610129283646e-01 2.387867540940736277e-01
4.000000000000000222e-01 6.118610814781504814e+00 7.847323122185461131e-01 9.472273682838184827e-01 9.367378351334265663e-01 8.695703884679405471e-01 6.233447673453075266e-01 2.673270326311404932e-01
5.999999999999999778e-01 2.290555698403328400e+00 7.770920022591586429e-01 9.440964525621478032e-01 9.372136695755144409e-01 8.690721861011139193e-01 6.211327689057130064e-01 2.702024412444036794e-01
8.000000000000000444e-01 7.581082576047367683e-01 7.695772166700750594e-01 9.403903477223415353e-01 9.331031023762558219e-01 8.673358047095754975e-01 6.207196204268581319e-01 2.763226961668080461e-01
1.000000000000000000e+00 2.941625788033643274e-01 7.497552949556768320e-01 9.408674840797389693e-01 9.289619368201267324e-01 8.621654989875654485e-01 6.192624212721645760e-01 2.797798709019290730e-01
1.199999999999999956e+00 1.372433855428748239e-01 7.102969209080813862e-01 9.432000064285080976e-01 9.266812199847328513e-01 8.581718019409876330e-01 6.163700755567421696e-01 2.792837388626997486e-01
1.399999999999999911e+00 6.636363946942008818e-02 5.221385868095798077e-01 9.436632259836940095e-01 9.237375127320121004e-01 8.555192507204009145e-01 6.134463977745127083e-01 2.774493494318727160e-01
1.600000000000000089e+00 3.379102342251010666e-02 -2.711094280394210077e-01 9.416180703028389498e-01 9.193691916419601817e-01 8.444877675483575263e-01 6.100540690501101704e-01 2.743459354612805545e-01
1.800000000000000044e+00 1.804322883371212508e-02 -6.016122032761123117e-01 9.362787407400133821e-01 9.136339808432247800e-01 8.394450532415739241e-01 6.060810031222420013e-01 2.701386153710478299e-01
2.000000000000000000e+00 1.003682600745973118e-02 -7.030874165773692841e-01 9.277083415720361881e-01 9.060257088205638798e-01 8.327304854207570051e-01 6.014654382485361550e-01 2.687871739936938953e-01
2.200000000000000178e+00 5.920959222580522534e-03 -7.395019350421710991e-01 9.052158061720668725e-01 8.948317180673655002e-01 8.239679515772806440e-01 5.960389148820524063e-01 2.646801638593851425e-01
2.399999999999999911e+00 3.573369683439020939e-03 -7.547346249112243388e-01 8.737374896452981821e-01 8.802936473027298536e-01 8.135485816694557615e-01 5.897132142311494185e-01 2.666674345893217390e-01
2.600000000000000089e+00 2.209612193472378864e-03 -7.653960033273342622e-01 8.498053037661920106e-01 8.652944477989340522e-01 8.023266828570297937e-01 5.822898975891132034e-01 2.688981593572178919e-01
2.799999999999999822e+00 1.399420231388942473e-03 -7.695982092698924193e-01 8.215313698287894928e-01 8.434770887346118018e-01 7.906575066122537576e-01 5.733174389464569254e-01 2.690316240098741818e-01
3.000000000000000000e+00 9.065683045051523871e-04 -7.636420953555248525e-01 7.909244461949173077e-01 8.180000288200877101e-01 7.780184821153569574e-01 5.611101763997916603e-01 2.618794599481789609e-01
3.200000000000000178e+00 6.100390318825442849e-04 -7.546597817719881141e-01 7.568543342769925575e-01 7.876615905252207783e-01 7.626925143141741747e-01 5.473649461355127865e-01 2.524105166046782256e-01
3.399999999999999911e+00 4.168367827334207407e-04 -7.438340586190700376e-01 7.200656217790023517e-01 7.620636082908153197e-01 7.435937146323220448e-01 5.356610133230340631e-01 2.434429385136872848e-01
3.600000000000000089e+00 2.893059299752250924e-04 -7.340433263396981545e-01 6.770832517559072228e-01 7.348885614510999309e-01 7.174185263634222931e-01 5.245682928128406752e-01 2.359135401528748011e-01
3.799999999999999822e+00 2.039165829233216499e-04 -7.215558659113999740e-01 6.364028435332984568e-01 6.943441897852803413e-01 6.923642414347900287e-01 5.215555280464518884e-01 2.328422054154652976e-01
4.000000000000000000e+00 1.458246773988453959e-04 -6.974700308673819071e-01 5.968931336498377593e-01 6.494358656040268851e-01 6.703880355469166163e-01 5.082558353500102877e-01 2.287693128655430563e-01
4.200000000000000178e+00 1.066946650342012433e-04 nan nan nan nan nan nan
4.400000000000000355e+00 7.860701842317016315e-05 nan nan nan nan nan nan
4.600000000000000533e+00 5.838136549010077209e-05 nan nan nan nan nan nan
4.800000000000000711e+00 4.373878954004835812e-05 nan nan nan nan nan nan
5.000000000000000888e+00 3.306927912391748585e-05 nan nan nan nan nan nan
5.200000000000001066e+00 2.556245104252379894e-05 nan nan nan nan nan nan
5.400000000000001243e+00 1.990693161254483768e-05 nan nan nan nan nan nan
5.600000000000001421e+00 1.562315968384088026e-05 nan nan nan nan nan nan
5.800000000000001599e+00 1.235579130826630436e-05 nan nan nan nan nan nan
6.000000000000001776e+00 9.841946485348136169e-06 nan nan nan nan nan nan
6.200000000000001954e+00 7.988667373702259319e-06 nan nan nan nan nan nan
6.400000000000002132e+00 6.518812292334818857e-06 nan nan nan nan nan nan
6.600000000000002309e+00 5.346981602880028878e-06 nan nan nan nan nan nan
6.800000000000002487e+00 4.407605537647638026e-06 nan nan nan nan nan nan
7.000000000000002665e+00 3.650603107153267839e-06 nan nan nan nan nan nan
7.200000000000002842e+00 3.064875450992652064e-06 nan nan nan nan nan nan
7.400000000000003020e+00 2.581124678805612291e-06 nan nan nan nan nan nan
7.600000000000003197e+00 2.180244639536974141e-06 nan nan nan nan nan nan
7.800000000000003375e+00 1.846821960228830059e-06 nan nan nan nan nan nan
8.000000000000003553e+00 1.568541812999771567e-06 nan nan nan nan nan nan
8.200000000000002842e+00 1.346381729903559521e-06 nan nan nan nan nan nan
8.400000000000003908e+00 1.157242231881943938e-06 nan nan nan nan nan nan
8.600000000000004974e+00 9.961964511079376504e-07 nan nan nan nan nan nan
8.800000000000004263e+00 8.590042602534680951e-07 nan nan nan nan nan nan
9.000000000000003553e+00 7.420308264409923117e-07 nan nan nan nan nan nan
9.200000000000004619e+00 6.462623505394946262e-07 nan nan nan nan nan nan
9.400000000000005684e+00 5.633294243016374099e-07 nan nan nan nan nan nan
9.600000000000004974e+00 4.915202364558314216e-07 nan nan nan nan nan nan
9.800000000000004263e+00 4.293265634421494183e-07 nan nan nan nan nan nan
1.000000000000000533e+01 3.754325918240697215e-07 nan nan nan nan nan nan
1.020000000000000639e+01 3.304590179867559984e-07 nan nan nan nan nan nan
1.040000000000000568e+01 2.910676584755810474e-07 nan nan nan nan nan nan
1.060000000000000497e+01 2.565601427277927325e-07 nan nan nan nan nan nan
1.080000000000000604e+01 2.263215117321151994e-07 nan nan nan nan nan nan
1.100000000000000711e+01 1.998186819930501827e-07 nan nan nan nan nan nan
1.120000000000000639e+01 1.774251953392858844e-07 nan nan nan nan nan nan
1.140000000000000568e+01 1.576005043784817272e-07 nan nan nan nan nan nan
1.160000000000000675e+01 1.400563703792177216e-07 nan nan nan nan nan nan
1.180000000000000782e+01 1.245359259101623560e-07 nan nan nan nan nan nan
1.200000000000000711e+01 1.108134634712859685e-07 nan nan nan nan nan nan
1.220000000000000639e+01 9.906795582201874710e-08 nan nan nan nan nan nan
1.240000000000000568e+01 8.860591657762852579e-08 nan nan nan nan nan nan
1.260000000000000853e+01 7.928401118846648244e-08 nan nan nan nan nan nan
1.280000000000000782e+01 7.097524842077868935e-08 nan nan nan nan nan nan
1.300000000000000711e+01 6.356895123082775352e-08 nan nan nan nan nan nan
1.320000000000000639e+01 5.717629684703052889e-08 nan nan nan nan nan nan
1.340000000000000924e+01 5.144356489196203044e-08 nan nan nan nan nan nan
1.360000000000000853e+01 4.630048506372335744e-08 nan nan nan nan nan nan
1.380000000000000782e+01 4.168424905042027265e-08 nan nan nan nan nan nan
1.400000000000000711e+01 3.753950651105929279e-08 nan nan nan nan nan nan
1.420000000000000995e+01 3.393964385351697142e-08 nan nan nan nan nan nan
1.440000000000000924e+01 3.069096941961365687e-08 nan nan nan nan nan nan
1.460000000000000853e+01 2.775991942716280728e-08 nan nan nan nan nan nan
1.480000000000000782e+01 2.511556759084815891e-08 nan nan nan nan nan nan
1.500000000000001066e+01 2.272962456682344180e-08 nan nan nan nan nan nan
1.520000000000000995e+01 2.064210464789076381e-08 nan nan nan nan nan nan
1.540000000000000924e+01 1.874872420613922806e-08 nan nan nan nan nan nan
1.560000000000000853e+01 1.703137696620571790e-08 nan nan nan nan nan nan
1.580000000000001137e+01 1.547372808268076147e-08 nan nan nan nan nan nan
1.600000000000001066e+01 1.406121406324412499e-08 nan nan nan nan nan nan
1.620000000000000995e+01 1.281782764625902921e-08 nan nan nan nan nan nan
1.640000000000000924e+01 1.168880878694583749e-08 nan nan nan nan nan nan
1.660000000000001208e+01 1.065956929251845164e-08 nan nan nan nan nan nan
1.680000000000001137e+01 9.720118787878457422e-09 nan nan nan nan nan nan
1.700000000000001066e+01 8.865064704961033343e-09 nan nan nan nan nan nan
1.720000000000000995e+01 8.109042900866966805e-09 nan nan nan nan nan nan
1.740000000000001279e+01 7.417402354711178612e-09 nan nan nan nan nan nan
1.760000000000001208e+01 6.785463814053668562e-09 nan nan nan nan nan nan
1.780000000000001137e+01 6.208094868218651036e-09 nan nan nan nan nan nan
1.800000000000001066e+01 5.679709946815567650e-09 nan nan nan nan nan nan
1.820000000000001350e+01 5.210451208481561658e-09 nan nan nan nan nan nan
1.840000000000001279e+01 4.779884427504359206e-09 nan nan nan nan nan nan
1.860000000000001208e+01 4.384903231942541998e-09 nan nan nan nan nan nan
1.880000000000001137e+01 4.022777693591964278e-09 nan nan nan nan nan nan
1.900000000000001421e+01 3.691154327780048729e-09 nan nan nan nan nan nan
1.920000000000001350e+01 3.395434874775056124e-09 nan nan nan nan nan nan
1.940000000000001279e+01 3.123126820425567518e-09 nan nan nan nan nan nan
1.960000000000001208e+01 2.872513188798130127e-09 nan nan nan nan nan nan
1.980000000000001492e+01 2.642101143898009969e-09 nan nan nan nan nan nan
