2.000000000000000111e-01 1.494158132551021145e-02 6.453997991362774300e-01 4.189429450708156422e-01 -2.089853013863788092e-02 1.831243400279651823e-01 2.230069675412172658e-01 1.626302158103448414e-01
4.000000000000000222e-01 7.508038844531477601e-03 6.525688469755547283e-01 4.135597349827951907e-01 -8.829215067663380434e-02 -3.914508715062170463e-02 -8.579323719156494582e-03 1.147041408246559924e-01
5.999999999999999778e-01 3.733226992232499368e-03 6.639725410292698360e-01 4.269104366278952956e-01 -1.062101358870145285e-01 -1.433286371712224616e-01 -1.172028498230578281e-01 8.121479353413299518e-02
8.000000000000000444e-01 1.045049781265641091e-03 6.700209627433034720e-01 4.361053448310068248e-01 -1.108234401499492011e-01 -1.508759947371298704e-01 -1.917712029315334077e-01 -4.716401994122355890e-02
1.000000000000000000e+00 3.486253273527151154e-04 6.601023490985418185e-01 4.462203183016731356e-01 -1.068351659836330320e-01 -1.394359408306909409e-01 -1.981910878770084816e-01 -9.579064494258657247e-02
1.199999999999999956e+00 1.673976852245990772e-04 6.212117327198535266e-01 4.575834681295333217e-01 -8.560519894599055712e-02 -1.149607719325849292e-01 -1.866119449568949817e-01 -7.492339732347665093e-02
1.399999999999999911e+00 8.013208773274454251e-05 5.094870127303156027e-01 4.659746758782818410e-01 -7.120620340400889148e-02 -1.045562331863057054e-01 -1.961661984115903312e-01 -3.717747564550873129e-02
1.600000000000000089e+00 4.081461133128946357e-05 2.183150114452323820e-01 4.699861013983006597e-01 -6.466998377442732815e-02 -1.051284015519472065e-01 -1.865409276747763134e-01 -8.488162710552226917e-03
1.800000000000000044e+00 2.215084904466912828e-05 -8.590135080420853442e-02 4.656951481016268768e-01 -6.429917060990018862e-02 -1.055982435958369298e-01 -1.840675999679774466e-01 -1.071473578196147948e-02
2.000000000000000000e+00 1.268086354011298095e-05 -3.684001410790416209e-01 4.544128530153768164e-01 -8.613270769307150576e-02 -1.058276730705804830e-01 -1.945081317984843627e-01 -2.731519461060350623e-02
2.200000000000000178e+00 8.046970016674801361e-06 -5.593089973651668156e-01 4.410455677338762648e-01 -1.017626768167490953e-01 -1.007869752645452061e-01 -2.024219691008634914e-01 -5.458870649601506309e-02
2.399999999999999911e+00 5.155736252192484252e-06 -6.460189503084854401e-01 4.138276139021309641e-01 -1.316911202055717212e-01 -9.055661902996502144e-02 -2.117711073002126743e-01 -6.791683669178844029e-02
2.600000000000000089e+00 3.364759023558336238e-06 -7.012009792003365272e-01 3.906567034095252966e-01 -1.442358753103180902e-01 -8.104639006215344499e-02 -2.241481692383090751e-01 -6.622757163898043697e-02
2.799999999999999822e+00 2.241647696209412874e-06 -7.337712921111496644e-01 3.759865091494347111e-01 -1.614485061733484383e-01 -8.046282949434381548e-02 -2.338643053147632656e-01 -6.297160825623143721e-02
3.000000000000000000e+00 1.523433147373050632e-06 -7.560479287933411507e-01 3.632749633999093897e-01 -1.804766488435373128e-01 -6.650312315384539208e-02 -2.260242040058355606e-01 -6.604738059888697055e-02
3.200000000000000178e+00 1.089400814025061259e-06 -7.629130041174805310e-01 3.550305384241693729e-01 -1.888072438028939870e-01 -6.457793599211299196e-02 -2.222876434561325554e-01 -9.236108050443614381e-02
3.399999999999999911e+00 7.839528947878707050e-07 -7.756135386399666265e-01 3.473212101617968450e-01 -1.932292587873398471e-01 -6.027560632089262738e-02 -2.062598633828193750e-01 -9.125020876097510170e-02
3.600000000000000089e+00 5.695636378804421873e-07 -7.823704143949798961e-01 3.331870514624179491e-01 -2.089052604939586888e-01 -2.833452383220237680e-02 -2.079705685051405906e-01 -9.274783111188435181e-02
3.799999999999999822e+00 4.184165792329533722e-07 -7.849302223564842418e-01 3.073202421747870394e-01 -2.154088538300439892e-01 -1.560807592023876443e-02 -1.752716128371266946e-01 -9.529030101556178189e-02
4.000000000000000000e+00 3.107314772026898903e-07 -7.858299224160469887e-01 2.935748860139908989e-01 -2.288322786739241943e-01 1.906560970028079588e-02 -1.741322623793791491e-01 -9.016219028642846745e-02
4.200000000000000178e+00 2.381849207332201338e-07 nan nan nan nan nan nan
4.400000000000000355e+00 1.834249528862754552e-07 nan nan nan nan nan nan
4.600000000000000533e+00 1.420822400249526229e-07 nan nan nan nan nan nan
4.800000000000000711e+00 1.107546276878545966e-07 nan nan nan nan nan nan
5.000000000000000888e+00 8.689763751054992463e-08 nan nan nan nan nan nan
5.200000000000001066e+00 6.972727147885582604e-08 nan nan nan nan nan nan
5.400000000000001243e+00 5.611793484253946273e-08 nan nan nan nan nan nan
5.600000000000001421e+00 4.533334522025537403e-08 nan nan nan nan nan nan
5.800000000000001599e+00 3.676725829642971202e-08 nan nan nan nan nan nan
6.000000000000001776e+00 2.993094765706655020e-08 nan nan nan nan nan nan
6.200000000000001954e+00 2.478012293081494481e-08 nan nan nan nan nan nan
6.400000000000002132e+00 2.055682768766242883e-08 nan nan nan nan nan nan
6.600000000000002309e+00 1.709384211403455345e-08 nan nan nan nan nan nan
6.800000000000002487e+00 1.425104354736624983e-08 nan nan nan nan nan nan
7.000000000000002665e+00 1.191384529307689730e-08 nan nan nan nan nan nan
7.200000000000002842e+00 1.008175258778677530e-08 nan nan nan nan nan nan
7.400000000000003020e+00 8.544631378225977212e-09 nan nan nan nan nan nan
7.600000000000003197e+00 7.254425211242314959e-09 nan nan nan nan nan nan
7.800000000000003375e+00 6.170098702663816072e-09 nan nan nan nan nan nan
8.000000000000003553e+00 5.257429609605045070e-09 nan nan nan nan nan nan
8.200000000000002842e+00 4.524805951518044510e-09 nan nan nan nan nan nan
8.400000000000003908e+00 3.897267047540366884e-09 nan nan nan nan nan nan
8.600000000000004974e+00 3.360382806674174595e-09 nan nan nan nan nan nan
8.800000000000004263e+00 2.901301274079023200e-09 nan nan nan nan nan nan
9.000000000000003553e+00 2.508719485092442891e-09 nan nan nan nan nan nan
9.200000000000004619e+00 2.186672731944069881e-09 nan nan nan nan nan nan
9.400000000000005684e+00 1.907230408405137262e-09 nan nan nan nan nan nan
9.600000000000004974e+00 1.664895320763486410e-09 nan nan nan nan nan nan
9.800000000000004263e+00 1.454758732359151551e-09 nan nan nan nan nan nan
1.000000000000000533e+01 1.272496106878935612e-09 nan nan nan nan nan nan
1.020000000000000639e+01 1.120306523228860063e-09 nan nan nan nan nan nan
1.040000000000000568e+01 9.869278072612858360e-10 nan nan nan nan nan nan
1.060000000000000497e+01 8.700326534664013353e-10 nan nan nan nan nan nan
1.080000000000000604e+01 7.675628863085746179e-10 nan nan nan nan nan nan
1.100000000000000711e+01 6.777288169030952524e-10 nan nan nan nan nan nan
1.120000000000000639e+01 6.018102556373996461e-10 nan nan nan nan nan nan
1.140000000000000568e+01 5.345893342545422952e-10 nan nan nan nan nan nan
1.160000000000000675e+01 4.750938360606322634e-10 nan nan nan nan nan nan
1.180000000000000782e+01 4.224561061595960419e-10 nan nan nan nan nan nan
1.200000000000000711e+01 3.759129513149928085e-10 nan nan nan nan nan nan
1.220000000000000639e+01 3.360732149077593422e-10 nan nan nan nan nan nan
1.240000000000000568e+01 3.005853780399417085e-10 nan nan nan nan nan nan
1.260000000000000853e+01 2.689639300728129367e-10 nan nan nan nan nan nan
1.280000000000000782e+01 2.407785553987340332e-10 nan nan nan nan nan nan
1.300000000000000711e+01 2.156541174415548447e-10 nan nan nan nan nan nan
1.320000000000000639e+01 1.939680055320303775e-10 nan nan nan nan nan nan
1.340000000000000924e+01 1.745203769168438043e-10 nan nan nan nan nan nan
1.360000000000000853e+01 1.570729392700649869e-10 nan nan nan nan nan nan
1.380000000000000782e+01 1.414126819414218769e-10 nan nan nan nan nan nan
1.400000000000000711e+01 1.273518733392605741e-10 nan nan nan nan nan nan
1.420000000000000995e+01 1.151395046358978753e-10 nan nan nan nan nan nan
1.440000000000000924e+01 1.041184991060599391e-10 nan nan nan nan nan nan
1.460000000000000853e+01 9.417500486168386967e-11 nan nan nan nan nan nan
1.480000000000000782e+01 8.520411338111743448e-11 nan nan nan nan nan nan
1.500000000000001066e+01 7.710985907186543404e-11 nan nan nan nan nan nan
1.520000000000000995e+01 7.002799346787439676e-11 nan nan nan nan nan nan
1.540000000000000924e+01 6.360473841416510664e-11 nan nan nan nan nan nan
1.560000000000000853e+01 5.777867024689326427e-11 nan nan nan nan nan nan
1.580000000000001137e+01 5.249437430382029435e-11 nan nan nan nan nan nan
1.600000000000001066e+01 4.770244484984205538e-11 nan nan nan nan nan nan
1.620000000000000995e+01 4.348427732149355013e-11 nan nan nan nan nan nan
1.640000000000000924e+01 3.965409941572563533e-11 nan nan nan nan nan nan
1.660000000000001208e+01 3.616242110622292452e-11 nan nan nan nan nan nan
1.680000000000001137e+01 3.297535032438183984e-11 nan nan nan nan nan nan
1.700000000000001066e+01 3.007459294640657503e-11 nan nan nan nan nan nan
1.720000000000000995e+01 2.750980093895702282e-11 nan nan nan nan nan nan
1.740000000000001279e+01 2.516342128849482662e-11 nan nan nan nan nan nan
1.760000000000001208e+01 2.301957972480800099e-11 nan nan nan nan nan nan
1.780000000000001137e+01 2.106086463786427111e-11 nan nan nan nan nan nan
1.800000000000001066e+01 1.926832707554050081e-11 nan nan nan nan nan nan
1.820000000000001350e+01 1.767637415710169100e-11 nan nan nan nan nan nan
1.840000000000001279e+01 1.621568309472266120e-11 nan nan nan nan nan nan
1.860000000000001208e+01 1.487571557197441951e-11 nan nan nan nan nan nan
1.880000000000001137e+01 1.364721035116788347e-11 nan nan nan nan nan nan
1.900000000000001421e+01 1.252218327294905266e-11 nan nan nan nan nan nan
1.920000000000001350e+01 1.151895965687860438e-11 nan nan nan nan nan nan
1.940000000000001279e+01 1.059515884442442422e-11 nan nan nan nan nan nan
1.960000000000001208e+01 9.744956021653130949e-12 nan nan nan nan nan nan
1.980000000000001492e+01 8.963286765818794846e-12 nan nan nan nan nan nan
