2.000000000000000111e-01 6.009394565528590748e-01 3.066155225409039967e-02 3.829376400441290851e-02 7.238904212112298210e-03 2.158741397883270647e-03 4.344358229016129507e-04 3.028099532912621934e-04
4.000000000000000222e-01 1.642654200706300249e-01 2.066605846467639215e-02 3.597615844532000423e-02 8.363055229116768408e-03 3.367675051858686711e-03 8.701096022296844019e-04 3.861816628837820803e-04
5.999999999999999778e-01 6.686999543731607376e-02 1.553647673973739506e-02 3.466278559136464626e-02 8.966516685363775177e-03 3.835491084071819719e-03 1.065578931055879497e-03 4.779892530469699954e-04
8.000000000000000444e-01 2.059085364847821481e-02 1.670229454331053492e-02 5.063054699717208645e-02 1.473540263543891490e-02 6.789731436377198504e-03 2.106660701271853738e-03 9.278914009942887961e-04
1.000000000000000000e+00 7.545116202490935627e-03 1.471896115693756626e-02 6.615826478489951479e-02 2.123691524537464625e-02 1.069654095900746983e-02 3.771061453744404494e-03 1.770073116577600917e-03
1.199999999999999956e+00 3.557645310417719645e-03 9.684701294455642581e-03 7.014880076698935818e-02 2.414156815769682302e-02 1.313270779204156642e-02 5.089537489908388911e-03 2.632260754774134667e-03
1.399999999999999911e+00 1.725723227449884852e-03 7.888883739163713923e-03 7.442082127496185695e-02 2.690035810761723031e-02 1.544747611744315928e-02 6.400106091789032996e-03 3.573499623438497821e-03
1.600000000000000089e+00 8.883107164287479349e-04 1.118948313200381767e-02 7.663784640545313886e-02 2.871075267091630773e-02 1.714196903796982516e-02 7.453564452387307498e-03 4.405986062177739276e-03
1.800000000000000044e+00 4.833866542596782639e-04 1.680048456854503838e-02 7.679582172028687204e-02 2.954069501195980690e-02 1.818172789663742225e-02 8.218234607465813371e-03 5.086868215110254728e-03
2.000000000000000000e+00 2.755148116455720191e-04 2.276180954332915687e-02 7.542464539929837064e-02 2.958764322822744416e-02 1.868483432498251745e-02 8.745110439769186728e-03 5.642884125273127729e-03
2.200000000000000178e+00 1.688218727495279902e-04 2.753518483167552433e-02 7.072605492530889548e-02 2.813594391920662754e-02 1.822853024637066319e-02 8.808432904150594392e-03 5.929839388939736437e-03
2.399999999999999911e+00 1.053526878378419583e-04 3.201631052246901171e-02 6.661197821574882383e-02 2.677933711825757415e-02 1.775322287355332249e-02 8.858925915542771937e-03 6.207352559757402938e-03
2.600000000000000089e+00 6.717168020983509721e-05 3.608053130459119850e-02 6.275182993020954336e-02 2.543481018307445010e-02 1.722395864694409653e-02 8.869103112060476926e-03 6.454053665101090048e-03
2.799999999999999822e+00 4.375758261780636358e-05 3.964898053030391917e-02 5.906805687499963597e-02 2.410667890959034346e-02 1.665464727293160946e-02 8.833319968475826511e-03 6.655082326661856083e-03
3.000000000000000000e+00 2.908338249362791907e-05 4.268931461107374620e-02 5.557088655435607483e-02 2.282127274646533407e-02 1.607625712984783045e-02 8.753960218104242866e-03 6.802289939726498431e-03
3.200000000000000178e+00 2.011423685033477632e-05 4.429833261342452921e-02 5.125583629734004748e-02 2.116064681640340839e-02 1.521932864952873880e-02 8.468756305478103777e-03 6.767019139187788017e-03
3.399999999999999911e+00 1.406289478998829953e-05 4.559672178098442968e-02 4.757033238208890902e-02 1.974176334832836166e-02 1.448889413908635918e-02 8.205678601861386354e-03 6.702605045492493821e-03
3.600000000000000089e+00 9.952213633056197236e-06 4.653084592934444291e-02 4.432157324387949598e-02 1.848733157663455876e-02 1.384403957841129872e-02 7.947754939557110515e-03 6.598730946696479589e-03
3.799999999999999822e+00 7.132755373945269635e-06 4.708249562388168441e-02 4.139402645925868013e-02 1.735186495992967204e-02 1.325976570180230699e-02 7.685930122684333718e-03 6.455281756623097722e-03
4.000000000000000000e+00 5.174397885904084656e-06 4.728679573745014214e-02 3.873981539217576792e-02 1.632107384475706136e-02 1.272457920375423199e-02 7.421183797680418713e-03 6.278018586374727213e-03
4.200000000000000178e+00 3.849847129481253774e-06 nan nan nan nan nan nan
4.400000000000000355e+00 2.882137312805431072e-06 nan nan nan nan nan nan
4.600000000000000533e+00 2.173414039208506072e-06 nan nan nan nan nan nan
4.800000000000000711e+00 1.651818760447620363e-06 nan nan nan nan nan nan
5.000000000000000888e+00 1.265631706359703161e-06 nan nan nan nan nan nan
5.200000000000001066e+00 9.911937599858797005e-07 nan nan nan nan nan nan
5.400000000000001243e+00 7.807893114997788544e-07 nan nan nan nan nan nan
5.600000000000001421e+00 6.188939430778935350e-07 nan nan nan nan nan nan
5.800000000000001599e+00 4.936527417369096844e-07 nan nan nan nan nan nan
6.000000000000001776e+00 3.960631709692557506e-07 nan nan nan nan nan nan
6.200000000000001954e+00 3.235085641852588063e-07 nan nan nan nan nan nan
6.400000000000002132e+00 2.653301714861858399e-07 nan nan nan nan nan nan
6.600000000000002309e+00 2.185210896413772986e-07 nan nan nan nan nan nan
6.800000000000002487e+00 1.807113286413373567e-07 nan nan nan nan nan nan
7.000000000000002665e+00 1.500514328882577796e-07 nan nan nan nan nan nan
7.200000000000002842e+00 1.262258298207284151e-07 nan nan nan nan nan nan
7.400000000000003020e+00 1.064605504280585141e-07 nan nan nan nan nan nan
7.600000000000003197e+00 9.002444319080538620e-08 nan nan nan nan nan nan
7.800000000000003375e+00 7.631760132837715469e-08 nan nan nan nan nan nan
8.000000000000003553e+00 6.485443134189311775e-08 nan nan nan nan nan nan
8.200000000000002842e+00 5.569026254593397173e-08 nan nan nan nan nan nan
8.400000000000003908e+00 4.787888647873420554e-08 nan nan nan nan nan nan
8.600000000000004974e+00 4.122217111603724876e-08 nan nan nan nan nan nan
8.800000000000004263e+00 3.554813938314414015e-08 nan nan nan nan nan nan
9.000000000000003553e+00 3.070845121286795015e-08 nan nan nan nan nan nan
9.200000000000004619e+00 2.674504306937574327e-08 nan nan nan nan nan nan
9.400000000000005684e+00 2.331236272924012200e-08 nan nan nan nan nan nan
9.600000000000004974e+00 2.033992271897826519e-08 nan nan nan nan nan nan
9.800000000000004263e+00 1.776547876830402813e-08 nan nan nan nan nan nan
1.000000000000000533e+01 1.553464680128544832e-08 nan nan nan nan nan nan
1.020000000000000639e+01 1.367309004892126797e-08 nan nan nan nan nan nan
1.040000000000000568e+01 1.204270016763020687e-08 nan nan nan nan nan nan
1.060000000000000497e+01 1.061454917029414557e-08 nan nan nan nan nan nan
1.080000000000000604e+01 9.363159163506417932e-09 nan nan nan nan nan nan
1.100000000000000711e+01 8.266442726813386992e-09 nan nan nan nan nan nan
1.120000000000000639e+01 7.339817900853506199e-09 nan nan nan nan nan nan
1.140000000000000568e+01 6.519537408121976013e-09 nan nan nan nan nan nan
1.160000000000000675e+01 5.793657451299852751e-09 nan nan nan nan nan nan
1.180000000000000782e+01 5.151536348944193958e-09 nan nan nan nan nan nan
1.200000000000000711e+01 4.583825035902925323e-09 nan nan nan nan nan nan
1.220000000000000639e+01 4.097915974103769461e-09 nan nan nan nan nan nan
1.240000000000000568e+01 3.665117210509748848e-09 nan nan nan nan nan nan
1.260000000000000853e+01 3.279494185835131208e-09 nan nan nan nan nan nan
1.280000000000000782e+01 2.935789801206298777e-09 nan nan nan nan nan nan
1.300000000000000711e+01 2.629422869143157486e-09 nan nan nan nan nan nan
1.320000000000000639e+01 2.364989436080884542e-09 nan nan nan nan nan nan
1.340000000000000924e+01 2.127856995725098755e-09 nan nan nan nan nan nan
1.360000000000000853e+01 1.915117644792212286e-09 nan nan nan nan nan nan
1.380000000000000782e+01 1.724172483079447151e-09 nan nan nan nan nan nan
1.400000000000000711e+01 1.552731355127570907e-09 nan nan nan nan nan nan
1.420000000000000995e+01 1.403829139717815601e-09 nan nan nan nan nan nan
1.440000000000000924e+01 1.269453921555883185e-09 nan nan nan nan nan nan
1.460000000000000853e+01 1.148217135990191181e-09 nan nan nan nan nan nan
1.480000000000000782e+01 1.038839389930461691e-09 nan nan nan nan nan nan
1.500000000000001066e+01 9.401504178291402879e-10 nan nan nan nan nan nan
1.520000000000000995e+01 8.538051860032609231e-10 nan nan nan nan nan nan
1.540000000000000924e+01 7.754902103481448948e-10 nan nan nan nan nan nan
1.560000000000000853e+01 7.044565153079491583e-10 nan nan nan nan nan nan
1.580000000000001137e+01 6.400284120114060450e-10 nan nan nan nan nan nan
1.600000000000001066e+01 5.816034906198558297e-10 nan nan nan nan nan nan
1.620000000000000995e+01 5.301741210036911227e-10 nan nan nan nan nan nan
1.640000000000000924e+01 4.834752899539647904e-10 nan nan nan nan nan nan
1.660000000000001208e+01 4.409035855341764817e-10 nan nan nan nan nan nan
1.680000000000001137e+01 4.020457750395821636e-10 nan nan nan nan nan nan
1.700000000000001066e+01 3.666788036424836746e-10 nan nan nan nan nan nan
1.720000000000000995e+01 3.354080382419611858e-10 nan nan nan nan nan nan
1.740000000000001279e+01 3.068002326537204192e-10 nan nan nan nan nan nan
1.760000000000001208e+01 2.806618402729069100e-10 nan nan nan nan nan nan
1.780000000000001137e+01 2.567805715255964202e-10 nan nan nan nan nan nan
1.800000000000001066e+01 2.349253936250022192e-10 nan nan nan nan nan nan
1.820000000000001350e+01 2.155158078051673838e-10 nan nan nan nan nan nan
1.840000000000001279e+01 1.977066086277980978e-10 nan nan nan nan nan nan
1.860000000000001208e+01 1.813693092112823735e-10 nan nan nan nan nan nan
1.880000000000001137e+01 1.663909933493302680e-10 nan nan nan nan nan nan
1.900000000000001421e+01 1.526743154664637856e-10 nan nan nan nan nan nan
1.920000000000001350e+01 1.404427033199381563e-10 nan nan nan nan nan nan
1.940000000000001279e+01 1.291794387537796928e-10 nan nan nan nan nan nan
1.960000000000001208e+01 1.188135037533781502e-10 nan nan nan nan nan nan
1.980000000000001492e+01 1.092831512532416025e-10 nan nan nan nan nan nan
