2.000000000000000111e-01 2.798279152769750411e+01 1.520498221665780164e-02 1.924632537617554720e-02 6.194563983061326939e-03 2.073029323295706716e-03 5.258253472753803828e-04 1.357276112275569409e-04
4.000000000000000222e-01 6.590016362596648136e+00 1.282034744283415406e-02 2.020796796211339966e-02 7.453806406215929270e-03 2.986632523367491621e-03 9.571137852194179117e-04 3.254217530135043615e-04
5.999999999999999778e-01 2.474181424803994833e+00 1.176863244783316054e-02 2.108266320309239161e-02 8.238964630484926083e-03 3.377825549045096378e-03 1.125177892310036832e-03 4.059902362479694371e-04
8.000000000000000444e-01 8.174009164118495319e-01 1.327908932302043245e-02 2.982179237348899989e-02 1.292407506191734119e-02 5.554065930862073577e-03 1.846531926049944840e-03 6.464759678640354243e-04
1.000000000000000000e+00 3.166802871869919267e-01 1.209969462650608944e-02 3.780085346501076138e-02 1.832788865637048972e-02 8.645698255027178467e-03 3.058481232675632714e-03 1.077043956398300801e-03
1.199999999999999956e+00 1.477465537536577778e-01 8.200172354980855838e-03 4.054771895906691959e-02 2.155505280525316092e-02 1.114636289633326449e-02 4.308632560594555759e-03 1.638953707033508631e-03
1.399999999999999911e+00 7.141025569553202668e-02 4.486739796060033002e-03 4.275843587013250513e-02 2.439021428757408988e-02 1.357142215653721513e-02 5.657503427231527424e-03 2.322727798706778791e-03
1.600000000000000089e+00 3.634316615552250079e-02 3.634381405908237474e-03 4.370443037788206142e-02 2.634866532397272393e-02 1.552122135215639950e-02 6.860809205487873944e-03 2.974823097476695689e-03
1.800000000000000044e+00 1.939751016780807275e-02 6.941101939745681314e-03 4.349523920437077529e-02 2.742539654838372157e-02 1.691840472978912296e-02 7.848034444484364505e-03 3.539928299002941675e-03
2.000000000000000000e+00 1.078613157812679732e-02 1.086407729802097745e-02 4.240652012901639789e-02 2.772805907640323725e-02 1.777923787526555777e-02 8.607890354653034357e-03 4.012606028044585042e-03
2.200000000000000178e+00 6.363686133516078744e-03 1.413088567485868384e-02 3.975979169840612032e-02 2.674702950976755311e-02 1.770977457963313420e-02 8.924054838037771831e-03 4.289256885731970378e-03
2.399999999999999911e+00 3.840735180563230669e-03 1.683937905258568735e-02 3.715555316395428853e-02 2.552676618170274594e-02 1.734688447383723325e-02 9.079943786466719916e-03 4.494654397062059284e-03
2.600000000000000089e+00 2.375097677968470485e-03 1.889939546139687843e-02 3.454071273622127264e-02 2.406551273462825130e-02 1.668027210202345512e-02 9.055729330251104450e-03 4.613325456667507346e-03
2.799999999999999822e+00 1.504417788973668596e-03 2.029634596151244988e-02 3.194341258814138718e-02 2.242424873417181094e-02 1.575246499541653813e-02 8.857769212241149714e-03 4.640699879876934199e-03
3.000000000000000000e+00 9.747803379342922722e-04 2.107665000908980762e-02 2.941571761907521565e-02 2.068583683406536450e-02 1.463326527563912210e-02 8.511858835908894805e-03 4.583149222991147152e-03
3.200000000000000178e+00 6.562996364742801261e-04 2.095940934253258739e-02 2.654903514350128585e-02 1.860946612414749596e-02 1.317140919284283396e-02 7.915681781315967586e-03 4.379640839246523587e-03
3.399999999999999911e+00 4.486850248516500799e-04 2.051047851031974692e-02 2.400822760535026648e-02 1.670575491842577268e-02 1.176028339531995891e-02 7.293436893959132777e-03 4.145774002853879966e-03
3.600000000000000089e+00 3.115783244836838636e-04 1.980323131370185369e-02 2.173227454736022940e-02 1.496260978933595248e-02 1.041921428082627672e-02 6.660494268244705404e-03 3.889704179223534355e-03
3.799999999999999822e+00 2.197381006993016830e-04 1.891118111176592204e-02 1.968259842700127021e-02 1.337386803362795168e-02 9.169407662898554703e-03 6.033564944881937391e-03 3.620889825386070654e-03
4.000000000000000000e+00 1.572296194774244846e-04 1.791179913316893330e-02 1.784271651561549973e-02 1.194103765214144831e-02 8.032081901738390498e-03 5.431145999124344093e-03 3.350734404942935264e-03
4.200000000000000178e+00 1.151380133086087260e-04 nan nan nan nan nan nan
4.400000000000000355e+00 8.490309940258942783e-05 nan nan nan nan nan nan
4.600000000000000533e+00 6.311546603514055372e-05 nan nan nan nan nan nan
4.800000000000000711e+00 4.733002179776560109e-05 nan nan nan nan nan nan
5.000000000000000888e+00 3.581842395834162010e-05 nan nan nan nan nan nan
5.200000000000001066e+00 2.771661059347772286e-05 nan nan nan nan nan nan
5.400000000000001243e+00 2.160582550738214842e-05 nan nan nan nan nan nan
5.600000000000001421e+00 1.697209940533193353e-05 nan nan nan nan nan nan
5.800000000000001599e+00 1.343403235321764467e-05 nan nan nan nan nan nan
6.000000000000001776e+00 1.070909264255666993e-05 nan nan nan nan nan nan
6.200000000000001954e+00 8.699010786109694166e-06 nan nan nan nan nan nan
6.400000000000002132e+00 7.103071833880778332e-06 nan nan nan nan nan nan
6.600000000000002309e+00 5.829491531188090156e-06 nan nan nan nan nan nan
6.800000000000002487e+00 4.807670057132344509e-06 nan nan nan nan nan nan
7.000000000000002665e+00 3.983601064372369142e-06 nan nan nan nan nan nan
7.200000000000002842e+00 3.345666860304224654e-06 nan nan nan nan nan nan
7.400000000000003020e+00 2.818451750143298795e-06 nan nan nan nan nan nan
7.600000000000003197e+00 2.381309630675531607e-06 nan nan nan nan nan nan
7.800000000000003375e+00 2.017555668704328731e-06 nan nan nan nan nan nan
8.000000000000003553e+00 1.713840443961308139e-06 nan nan nan nan nan nan
8.200000000000002842e+00 1.471312536688047562e-06 nan nan nan nan nan nan
8.400000000000003908e+00 1.264769264698886507e-06 nan nan nan nan nan nan
8.600000000000004974e+00 1.088861194860391412e-06 nan nan nan nan nan nan
8.800000000000004263e+00 9.389780189627333248e-07 nan nan nan nan nan nan
9.000000000000003553e+00 8.111631736074739124e-07 nan nan nan nan nan nan
9.200000000000004619e+00 7.065072728392456924e-07 nan nan nan nan nan nan
9.400000000000005684e+00 6.158674528934288496e-07 nan nan nan nan nan nan
9.600000000000004974e+00 5.373777888460309417e-07 nan nan nan nan nan nan
9.800000000000004263e+00 4.693931500004987846e-07 nan nan nan nan nan nan
1.000000000000000533e+01 4.104775439985192192e-07 nan nan nan nan nan nan
1.020000000000000639e+01 3.613115462646504620e-07 nan nan nan nan nan nan
1.040000000000000568e+01 3.182464084668453066e-07 nan nan nan nan nan nan
1.060000000000000497e+01 2.805194104369095506e-07 nan nan nan nan nan nan
1.080000000000000604e+01 2.474587568466477135e-07 nan nan nan nan nan nan
1.100000000000000711e+01 2.184819848580479544e-07 nan nan nan nan nan nan
1.120000000000000639e+01 1.939978251697001277e-07 nan nan nan nan nan nan
1.140000000000000568e+01 1.723220068592561568e-07 nan nan nan nan nan nan
1.160000000000000675e+01 1.531395005671695487e-07 nan nan nan nan nan nan
1.180000000000000782e+01 1.361695360507035961e-07 nan nan nan nan nan nan
1.200000000000000711e+01 1.211653844965906446e-07 nan nan nan nan nan nan
1.220000000000000639e+01 1.083227837738948454e-07 nan nan nan nan nan nan
1.240000000000000568e+01 9.688349016763181596e-08 nan nan nan nan nan nan
1.260000000000000853e+01 8.669079945049791800e-08 nan nan nan nan nan nan
1.280000000000000782e+01 7.760587094874997585e-08 nan nan nan nan nan nan
1.300000000000000711e+01 6.950769776206466568e-08 nan nan nan nan nan nan
1.320000000000000639e+01 6.251785060248109159e-08 nan nan nan nan nan nan
1.340000000000000924e+01 5.624956792404939322e-08 nan nan nan nan nan nan
1.360000000000000853e+01 5.062601776016275196e-08 nan nan nan nan nan nan
1.380000000000000782e+01 4.557852624464787283e-08 nan nan nan nan nan nan
1.400000000000000711e+01 4.104657353499347703e-08 nan nan nan nan nan nan
1.420000000000000995e+01 3.711040313308632508e-08 nan nan nan nan nan nan
1.440000000000000924e+01 3.355822869658625894e-08 nan nan nan nan nan nan
1.460000000000000853e+01 3.035335128657996240e-08 nan nan nan nan nan nan
1.480000000000000782e+01 2.746195570985646128e-08 nan nan nan nan nan nan
1.500000000000001066e+01 2.485310996043741666e-08 nan nan nan nan nan nan
1.520000000000000995e+01 2.257056678048432943e-08 nan nan nan nan nan nan
1.540000000000000924e+01 2.050030008071911770e-08 nan nan nan nan nan nan
1.560000000000000853e+01 1.862251210527938336e-08 nan nan nan nan nan nan
1.580000000000001137e+01 1.691934199802638411e-08 nan nan nan nan nan nan
1.600000000000001066e+01 1.537486572599025199e-08 nan nan nan nan nan nan
1.620000000000000995e+01 1.401531754514436336e-08 nan nan nan nan nan nan
1.640000000000000924e+01 1.278082153631978325e-08 nan nan nan nan nan nan
1.660000000000001208e+01 1.165542663405151640e-08 nan nan nan nan nan nan
1.680000000000001137e+01 1.062820913249186102e-08 nan nan nan nan nan nan
1.700000000000001066e+01 9.693272674909178870e-09 nan nan nan nan nan nan
1.720000000000000995e+01 8.866620459584415894e-09 nan nan nan nan nan nan
1.740000000000001279e+01 8.110364238212021776e-09 nan nan nan nan nan nan
1.760000000000001208e+01 7.419387606602682640e-09 nan nan nan nan nan nan
1.780000000000001137e+01 6.788078666005651594e-09 nan nan nan nan nan nan
1.800000000000001066e+01 6.210330021667457649e-09 nan nan nan nan nan nan
1.820000000000001350e+01 5.697231351801976359e-09 nan nan nan nan nan nan
1.840000000000001279e+01 5.226439388088322293e-09 nan nan nan nan nan nan
1.860000000000001208e+01 4.794557549789392041e-09 nan nan nan nan nan nan
1.880000000000001137e+01 4.398600868623778295e-09 nan nan nan nan nan nan
1.900000000000001421e+01 4.035995988567748603e-09 nan nan nan nan nan nan
1.920000000000001350e+01 3.712649301078510529e-09 nan nan nan nan nan nan
1.940000000000001279e+01 3.414901193927208281e-09 nan nan nan nan nan nan
1.960000000000001208e+01 3.140874284806742994e-09 nan nan nan nan nan nan
1.980000000000001492e+01 2.888936271340322812e-09 nan nan nan nan nan nan
