2.000000000000000111e-01 2.798279152769750411e+01 8.272182402722544348e-01 9.452021579736878953e-01 9.202775946652645978e-01 8.328949401674684561e-01 5.321060117433208392e-01 2.256239499561201733e-01
4.000000000000000222e-01 6.590016362596648136e+00 8.241696244849612274e-01 9.535638285214990129e-01 9.288878754610562227e-01 8.595402349581257040e-01 5.604688197042536624e-01 3.012285756036719442e-01
5.999999999999999778e-01 2.474181424803994833e+00 8.197959508378531712e-01 9.477635422834126411e-01 9.308393617816789201e-01 8.581326358631707896e-01 5.613192817778133170e-01 3.102781196215457782e-01
8.000000000000000444e-01 8.174009164118495319e-01 8.160584136511513931e-01 9.415433102233965457e-01 9.262102856540160856e-01 8.543750151927892444e-01 5.665862094054662235e-01 3.204382936521219527e-01
1.000000000000000000e+00 3.166802871869919267e-01 8.136395729345131667e-01 9.426260342630623512e-01 9.229151091941936169e-01 8.415512117562644612e-01 5.601091665556894306e-01 3.320177768862908052e-01
1.199999999999999956e+00 1.477465537536577778e-01 8.025867102630224181e-01 9.474375224434947729e-01 9.224420609015339112e-01 8.294951893428526013e-01 5.521669715390359334e-01 3.341306043669707848e-01
1.399999999999999911e+00 7.141025569553202668e-02 6.871562855630652944e-01 9.503382821967201188e-01 9.203227421069103409e-01 8.201943214897038370e-01 5.478675701394994935e-01 3.290345984409722702e-01
1.600000000000000089e+00 3.634316615552250079e-02 -2.898732604970825077e-01 9.460116119555974645e-01 9.172310345732184178e-01 8.105359623241698008e-01 5.460317446487427118e-01 3.210420305188843582e-01
1.800000000000000044e+00 1.939751016780807275e-02 -6.112986150493344706e-01 9.314676984082745914e-01 9.141587608606026594e-01 7.999249103976064923e-01 5.453148303275781039e-01 3.125426367117586923e-01
2.000000000000000000e+00 1.078613157812679732e-02 -7.194179557411468640e-01 9.128758688912951280e-01 9.103349041163691924e-01 7.884261443496817234e-01 5.447991686751810780e-01 3.054420483349075677e-01
2.200000000000000178e+00 6.363686133516078744e-03 -7.447168738558641587e-01 8.912015337993319797e-01 9.045302330814480873e-01 7.756798107973528200e-01 5.441098251928406793e-01 3.023701130332605569e-01
2.399999999999999911e+00 3.840735180563230669e-03 -7.565712875792788283e-01 8.654770490050067711e-01 8.955006542815746595e-01 7.608031826840240264e-01 5.431817708345513251e-01 3.047396728709656499e-01
2.600000000000000089e+00 2.375097677968470485e-03 -7.632811770043035349e-01 8.422156331194716739e-01 8.802047351519919349e-01 7.439037681367978161e-01 5.420173841573595608e-01 3.086432972683303411e-01
2.799999999999999822e+00 1.504417788973668596e-03 -7.649329845485343116e-01 8.127975122828425825e-01 8.392058093051367740e-01 7.286563361645076453e-01 5.401032131564695860e-01 3.104479192479070448e-01
3.000000000000000000e+00 9.747803379342922722e-04 -7.614200082919425627e-01 7.699426155744749645e-01 8.217839255359408179e-01 7.167291083309075272e-01 5.310652106387693250e-01 3.066008114162457332e-01
3.200000000000000178e+00 6.562996364742801261e-04 -7.533775508428854906e-01 7.070678252843499711e-01 7.885437757714504059e-01 7.054091946679658109e-01 5.152138679618486483e-01 2.979938071408160805e-01
3.399999999999999911e+00 4.486850248516500799e-04 -7.427970131929427788e-01 6.353680262635762466e-01 7.484504184429574547e-01 6.916263339957844369e-01 5.119906384485525264e-01 2.902580492312585303e-01
3.600000000000000089e+00 3.115783244836838636e-04 -7.315386441327210720e-01 5.625668383311718257e-01 6.908572768675234066e-01 6.670374326683962130e-01 5.124677515671580696e-01 2.869908090264658429e-01
3.799999999999999822e+00 2.197381006993016830e-04 -7.199856034085913015e-01 5.230098065439630073e-01 6.511195288466532505e-01 6.436355153004078566e-01 5.138872285248757832e-01 2.962407509480045054e-01
4.000000000000000000e+00 1.572296194774244846e-04 -7.078360573952975354e-01 4.899517446864564141e-01 6.193471400679856353e-01 6.328287736746507353e-01 5.100677581814471173e-01 2.944277805301416251e-01
4.200000000000000178e+00 1.151380133086087260e-04 nan nan nan nan nan nan
4.400000000000000355e+00 8.490309940258942783e-05 nan nan nan nan nan nan
4.600000000000000533e+00 6.311546603514055372e-05 nan nan nan nan nan nan
4.800000000000000711e+00 4.733002179776560109e-05 nan nan nan nan nan nan
5.000000000000000888e+00 3.581842395834162010e-05 nan nan nan nan nan nan
5.200000000000001066e+00 2.771661059347772286e-05 nan nan nan nan nan nan
5.400000000000001243e+00 2.160582550738214842e-05 nan nan nan nan nan nan
5.600000000000001421e+00 1.697209940533193353e-05 nan nan nan nan nan nan
5.800000000000001599e+00 1.343403235321764467e-05 nan nan nan nan nan nan
6.000000000000001776e+00 1.070909264255666993e-05 nan nan nan nan nan nan
6.200000000000001954e+00 8.699010786109694166e-06 nan nan nan nan nan nan
6.400000000000002132e+00 7.103071833880778332e-06 nan nan nan nan nan nan
6.600000000000002309e+00 5.829491531188090156e-06 nan nan nan nan nan nan
6.800000000000002487e+00 4.807670057132344509e-06 nan nan nan nan nan nan
7.000000000000002665e+00 3.983601064372369142e-06 nan nan nan nan nan nan
7.200000000000002842e+00 3.345666860304224654e-06 nan nan nan nan nan nan
7.400000000000003020e+00 2.818451750143298795e-06 nan nan nan nan nan nan
7.600000000000003197e+00 2.381309630675531607e-06 nan nan nan nan nan nan
7.800000000000003375e+00 2.017555668704328731e-06 nan nan nan nan nan nan
8.000000000000003553e+00 1.713840443961308139e-06 nan nan nan nan nan nan
8.200000000000002842e+00 1.471312536688047562e-06 nan nan nan nan nan nan
8.400000000000003908e+00 1.264769264698886507e-06 nan nan nan nan nan nan
8.600000000000004974e+00 1.088861194860391412e-06 nan nan nan nan nan nan
8.800000000000004263e+00 9.389780189627333248e-07 nan nan nan nan nan nan
9.000000000000003553e+00 8.111631736074739124e-07 nan nan nan nan nan nan
9.200000000000004619e+00 7.065072728392456924e-07 nan nan nan nan nan nan
9.400000000000005684e+00 6.158674528934288496e-07 nan nan nan nan nan nan
9.600000000000004974e+00 5.373777888460309417e-07 nan nan nan nan nan nan
9.800000000000004263e+00 4.693931500004987846e-07 nan nan nan nan nan nan
1.000000000000000533e+01 4.104775439985192192e-07 nan nan nan nan nan nan
1.020000000000000639e+01 3.613115462646504620e-07 nan nan nan nan nan nan
1.040000000000000568e+01 3.182464084668453066e-07 nan nan nan nan nan nan
1.060000000000000497e+01 2.805194104369095506e-07 nan nan nan nan nan nan
1.080000000000000604e+01 2.474587568466477135e-07 nan nan nan nan nan nan
1.100000000000000711e+01 2.184819848580479544e-07 nan nan nan nan nan nan
1.120000000000000639e+01 1.939978251697001277e-07 nan nan nan nan nan nan
1.140000000000000568e+01 1.723220068592561568e-07 nan nan nan nan nan nan
1.160000000000000675e+01 1.531395005671695487e-07 nan nan nan nan nan nan
1.180000000000000782e+01 1.361695360507035961e-07 nan nan nan nan nan nan
1.200000000000000711e+01 1.211653844965906446e-07 nan nan nan nan nan nan
1.220000000000000639e+01 1.083227837738948454e-07 nan nan nan nan nan nan
1.240000000000000568e+01 9.688349016763181596e-08 nan nan nan nan nan nan
1.260000000000000853e+01 8.669079945049791800e-08 nan nan nan nan nan nan
1.280000000000000782e+01 7.760587094874997585e-08 nan nan nan nan nan nan
1.300000000000000711e+01 6.950769776206466568e-08 nan nan nan nan nan nan
1.320000000000000639e+01 6.251785060248109159e-08 nan nan nan nan nan nan
1.340000000000000924e+01 5.624956792404939322e-08 nan nan nan nan nan nan
1.360000000000000853e+01 5.062601776016275196e-08 nan nan nan nan nan nan
1.380000000000000782e+01 4.557852624464787283e-08 nan nan nan nan nan nan
1.400000000000000711e+01 4.104657353499347703e-08 nan nan nan nan nan nan
1.420000000000000995e+01 3.711040313308632508e-08 nan nan nan nan nan nan
1.440000000000000924e+01 3.355822869658625894e-08 nan nan nan nan nan nan
1.460000000000000853e+01 3.035335128657996240e-08 nan nan nan nan nan nan
1.480000000000000782e+01 2.746195570985646128e-08 nan nan nan nan nan nan
1.500000000000001066e+01 2.485310996043741666e-08 nan nan nan nan nan nan
1.520000000000000995e+01 2.257056678048432943e-08 nan nan nan nan nan nan
1.540000000000000924e+01 2.050030008071911770e-08 nan nan nan nan nan nan
1.560000000000000853e+01 1.862251210527938336e-08 nan nan nan nan nan nan
1.580000000000001137e+01 1.691934199802638411e-08 nan nan nan nan nan nan
1.600000000000001066e+01 1.537486572599025199e-08 nan nan nan nan nan nan
1.620000000000000995e+01 1.401531754514436336e-08 nan nan nan nan nan nan
1.640000000000000924e+01 1.278082153631978325e-08 nan nan nan nan nan nan
1.660000000000001208e+01 1.165542663405151640e-08 nan nan nan nan nan nan
1.680000000000001137e+01 1.062820913249186102e-08 nan nan nan nan nan nan
1.700000000000001066e+01 9.693272674909178870e-09 nan nan nan nan nan nan
1.720000000000000995e+01 8.866620459584415894e-09 nan nan nan nan nan nan
1.740000000000001279e+01 8.110364238212021776e-09 nan nan nan nan nan nan
1.760000000000001208e+01 7.419387606602682640e-09 nan nan nan nan nan nan
1.780000000000001137e+01 6.788078666005651594e-09 nan nan nan nan nan nan
1.800000000000001066e+01 6.210330021667457649e-09 nan nan nan nan nan nan
1.820000000000001350e+01 5.697231351801976359e-09 nan nan nan nan nan nan
1.840000000000001279e+01 5.226439388088322293e-09 nan nan nan nan nan nan
1.860000000000001208e+01 4.794557549789392041e-09 nan nan nan nan nan nan
1.880000000000001137e+01 4.398600868623778295e-09 nan nan nan nan nan nan
1.900000000000001421e+01 4.035995988567748603e-09 nan nan nan nan nan nan
1.920000000000001350e+01 3.712649301078510529e-09 nan nan nan nan nan nan
1.940000000000001279e+01 3.414901193927208281e-09 nan nan nan nan nan nan
1.960000000000001208e+01 3.140874284806742994e-09 nan nan nan nan nan nan
1.980000000000001492e+01 2.888936271340322812e-09 nan nan nan nan nan nan
