2.000000000000000111e-01 5.327199373393277232e-02 6.681699240539530349e-01 7.678593630421319816e-01 4.075345968560402099e-01 4.582555143512284102e-01 3.761674062843045618e-01 2.078834623188438313e-01
4.000000000000000222e-01 2.099715451246891157e-02 6.695033534059200431e-01 7.730328054753036193e-01 4.007808538030543932e-01 3.161717457266968734e-01 1.624593200414228555e-01 2.261537283781285268e-01
5.999999999999999778e-01 9.833509666518436623e-03 6.753941158314821225e-01 7.788744049970800498e-01 3.989056008721483249e-01 2.742539918909395746e-01 9.849305469802467627e-02 2.146658243262538068e-01
8.000000000000000444e-01 2.885669996230488723e-03 6.886013418285916732e-01 7.855008740245743581e-01 4.011401171927731490e-01 2.656937498673951348e-01 1.595498023454403752e-02 1.295630065135074949e-01
1.000000000000000000e+00 1.018769537056436747e-03 7.161298682201819865e-01 7.919395942503432151e-01 4.017608596968722523e-01 2.675119085730113255e-01 -1.312831581192219071e-02 7.075644125982398502e-02
1.199999999999999956e+00 4.944886487167646184e-04 7.298190159709394553e-01 7.981736311504730175e-01 3.923644765152607405e-01 2.752938776494561757e-01 -6.573604898793977865e-03 6.295536974541135478e-02
1.399999999999999911e+00 2.429592248345348901e-04 7.040557493520680499e-01 8.218071920182863366e-01 3.885028475810481940e-01 2.880898089267643902e-01 6.481235997040750429e-03 5.278641502334983915e-02
1.600000000000000089e+00 1.269356834338785311e-04 5.208737422837632636e-01 8.154686360689753499e-01 3.860950988158011743e-01 2.979522531609352654e-01 2.416904421430961236e-02 6.324014387338890153e-02
1.800000000000000044e+00 7.034986347683262460e-05 1.654781839721470305e-01 8.039392299285710308e-01 3.840227663082252385e-01 3.018516589046023602e-01 3.255042201815098318e-02 8.368796221033100724e-02
2.000000000000000000e+00 4.092328657349778888e-05 -4.947543081444817636e-02 7.873285492749185766e-01 3.809376660476929133e-01 3.041450611956163508e-01 4.223800609123196798e-02 9.128977004858053468e-02
2.200000000000000178e+00 2.584662162740995357e-05 -2.678587383741116712e-01 7.665319954984592954e-01 3.702979738945630372e-01 3.062124555726569164e-01 4.963317900629942575e-02 8.739746375548892998e-02
2.399999999999999911e+00 1.653913746646689211e-05 -4.544119716170790801e-01 7.329351957953301744e-01 3.289396372744305963e-01 3.094852220192375047e-01 5.337530108923559807e-02 7.929483945214414742e-02
2.600000000000000089e+00 1.078119452873112989e-05 -5.537076019900484258e-01 7.071363045310846696e-01 2.990942214517181008e-01 3.005817548264935746e-01 6.105830231841045258e-02 8.804308030070702451e-02
2.799999999999999822e+00 7.164997938162271972e-06 -6.078157280440085186e-01 6.850792815847488448e-01 2.746407556434731223e-01 2.855192429974812707e-01 6.663214725422980655e-02 1.021524772406752490e-01
3.000000000000000000e+00 4.849351604404275159e-06 -6.374597749433753568e-01 6.622620083471153496e-01 2.314276440270645052e-01 2.802897448617936993e-01 7.546156154889327450e-02 1.069927269453671559e-01
3.200000000000000178e+00 3.419190663480080834e-06 -6.591920078241951808e-01 6.367129074001018907e-01 1.865495599050636943e-01 2.696735252039180741e-01 7.501760753535510751e-02 1.075747050925790205e-01
3.399999999999999911e+00 2.429858860430327117e-06 -6.823324432665425210e-01 6.085183385692211067e-01 1.337609888230651134e-01 2.702640926262260268e-01 6.975197255915921435e-02 9.974450686260873111e-02
3.600000000000000089e+00 1.744162326814736523e-06 -7.062999570715066122e-01 5.775230305824168298e-01 9.604282171180526795e-02 2.739118463403850123e-01 5.250624072155354177e-02 1.043650487154428874e-01
3.799999999999999822e+00 1.265862690217231126e-06 -7.186368588746733232e-01 5.424450525883275365e-01 5.569334797922578101e-02 2.395929844687454957e-01 3.125598908988613811e-02 8.775035795599897548e-02
4.000000000000000000e+00 9.287137961070134693e-07 -7.254390930490135503e-01 5.027711672057812997e-01 1.278459120741423996e-02 2.259021189822638387e-01 3.020394647110974211e-03 7.783764196451277428e-02
4.200000000000000178e+00 6.993785889873080286e-07 nan nan nan nan nan nan
4.400000000000000355e+00 5.294616555641430002e-07 nan nan nan nan nan nan
4.600000000000000533e+00 4.033718167024035155e-07 nan nan nan nan nan nan
4.800000000000000711e+00 3.094122433312797203e-07 nan nan nan nan nan nan
5.000000000000000888e+00 2.390255747406001627e-07 nan nan nan nan nan nan
5.200000000000001066e+00 1.885674358278024010e-07 nan nan nan nan nan nan
5.400000000000001243e+00 1.494437215990445620e-07 nan nan nan nan nan nan
5.600000000000001421e+00 1.190446739085595245e-07 nan nan nan nan nan nan
5.800000000000001599e+00 9.532955379527963165e-08 nan nan nan nan nan nan
6.000000000000001776e+00 7.671758096359498839e-08 nan nan nan nan nan nan
6.200000000000001954e+00 6.279951004848113759e-08 nan nan nan nan nan nan
6.400000000000002132e+00 5.158194082647844109e-08 nan nan nan nan nan nan
6.600000000000002309e+00 4.252071836347654509e-08 nan nan nan nan nan nan
6.800000000000002487e+00 3.517973350903329613e-08 nan nan nan nan nan nan
7.000000000000002665e+00 2.921409364168129967e-08 nan nan nan nan nan nan
7.200000000000002842e+00 2.456865936789315372e-08 nan nan nan nan nan nan
7.400000000000003020e+00 2.071204097357719130e-08 nan nan nan nan nan nan
7.600000000000003197e+00 1.750414545021016011e-08 nan nan nan nan nan nan
7.800000000000003375e+00 1.482917851046083767e-08 nan nan nan nan nan nan
8.000000000000003553e+00 1.259288996137970020e-08 nan nan nan nan nan nan
8.200000000000002842e+00 1.080495641073242109e-08 nan nan nan nan nan nan
8.400000000000003908e+00 9.282326745961445276e-09 nan nan nan nan nan nan
8.600000000000004974e+00 7.985979318256117187e-09 nan nan nan nan nan nan
8.800000000000004263e+00 6.882037541399766354e-09 nan nan nan nan nan nan
9.000000000000003553e+00 5.941293459730690642e-09 nan nan nan nan nan nan
9.200000000000004619e+00 5.171268297974299971e-09 nan nan nan nan nan nan
9.400000000000005684e+00 4.505021446616532545e-09 nan nan nan nan nan nan
9.600000000000004974e+00 3.928630487952224871e-09 nan nan nan nan nan nan
9.800000000000004263e+00 3.429832546714661450e-09 nan nan nan nan nan nan
1.000000000000000533e+01 2.997937349811245731e-09 nan nan nan nan nan nan
1.020000000000000639e+01 2.637706569188246933e-09 nan nan nan nan nan nan
1.040000000000000568e+01 2.322426231182934213e-09 nan nan nan nan nan nan
1.060000000000000497e+01 2.046422525237215578e-09 nan nan nan nan nan nan
1.080000000000000604e+01 1.804709679715499797e-09 nan nan nan nan nan nan
1.100000000000000711e+01 1.592973230307340452e-09 nan nan nan nan nan nan
1.120000000000000639e+01 1.414130554384184762e-09 nan nan nan nan nan nan
1.140000000000000568e+01 1.255876730773970898e-09 nan nan nan nan nan nan
1.160000000000000675e+01 1.115884153710856467e-09 nan nan nan nan nan nan
1.180000000000000782e+01 9.920825893182907916e-10 nan nan nan nan nan nan
1.200000000000000711e+01 8.826557819758884479e-10 nan nan nan nan nan nan
1.220000000000000639e+01 7.890130608628638724e-10 nan nan nan nan nan nan
1.240000000000000568e+01 7.056231595015299031e-10 nan nan nan nan nan nan
1.260000000000000853e+01 6.313363662370954998e-10 nan nan nan nan nan nan
1.280000000000000782e+01 5.651351495867747692e-10 nan nan nan nan nan nan
1.300000000000000711e+01 5.061334342244951053e-10 nan nan nan nan nan nan
1.320000000000000639e+01 4.552121754739655918e-10 nan nan nan nan nan nan
1.340000000000000924e+01 4.095530112482716532e-10 nan nan nan nan nan nan
1.360000000000000853e+01 3.685943558927741519e-10 nan nan nan nan nan nan
1.380000000000000782e+01 3.318345608159841818e-10 nan nan nan nan nan nan
1.400000000000000711e+01 2.988317526314193965e-10 nan nan nan nan nan nan
1.420000000000000995e+01 2.701690271024902594e-10 nan nan nan nan nan nan
1.440000000000000924e+01 2.443039686990660929e-10 nan nan nan nan nan nan
1.460000000000000853e+01 2.209688491873376050e-10 nan nan nan nan nan nan
1.480000000000000782e+01 1.999170722534339573e-10 nan nan nan nan nan nan
1.500000000000001066e+01 1.809231357937448227e-10 nan nan nan nan nan nan
1.520000000000000995e+01 1.643052668711198457e-10 nan nan nan nan nan nan
1.540000000000000924e+01 1.492332449585915361e-10 nan nan nan nan nan nan
1.560000000000000853e+01 1.355628068631827175e-10 nan nan nan nan nan nan
1.580000000000001137e+01 1.231638243430163437e-10 nan nan nan nan nan nan
1.600000000000001066e+01 1.119202950101718614e-10 nan nan nan nan nan nan
1.620000000000000995e+01 1.020231173879805714e-10 nan nan nan nan nan nan
1.640000000000000924e+01 9.303638951210128650e-11 nan nan nan nan nan nan
1.660000000000001208e+01 8.484396086849135600e-11 nan nan nan nan nan nan
1.680000000000001137e+01 7.736628547971575236e-11 nan nan nan nan nan nan
1.700000000000001066e+01 7.056041964743814546e-11 nan nan nan nan nan nan
1.720000000000000995e+01 6.454283706383394827e-11 nan nan nan nan nan nan
1.740000000000001279e+01 5.903772693660628361e-11 nan nan nan nan nan nan
1.760000000000001208e+01 5.400783559265453973e-11 nan nan nan nan nan nan
1.780000000000001137e+01 4.941230492272763692e-11 nan nan nan nan nan nan
1.800000000000001066e+01 4.520667180864594652e-11 nan nan nan nan nan nan
1.820000000000001350e+01 4.147165608390887774e-11 nan nan nan nan nan nan
1.840000000000001279e+01 3.804461233119064992e-11 nan nan nan nan nan nan
1.860000000000001208e+01 3.490081336470161968e-11 nan nan nan nan nan nan
1.880000000000001137e+01 3.201852884747589575e-11 nan nan nan nan nan nan
1.900000000000001421e+01 2.937902514355439612e-11 nan nan nan nan nan nan
1.920000000000001350e+01 2.702529506863212610e-11 nan nan nan nan nan nan
1.940000000000001279e+01 2.485790615509284122e-11 nan nan nan nan nan nan
1.960000000000001208e+01 2.286319178574164854e-11 nan nan nan nan nan nan
1.980000000000001492e+01 2.102926950286203102e-11 nan nan nan nan nan nan
