2.000000000000000111e-01 3.230821765376980625e+00 2.089030285300718520e-02 4.173321174769398928e-02 8.857894009647716491e-03 2.785175145312351972e-03 6.113736174190098150e-04 1.430654944231215034e-04
4.000000000000000222e-01 8.092278005739862445e-01 1.598891968216466231e-02 4.212779161766261327e-02 1.035729484731033774e-02 4.135424889277304096e-03 1.315350030115580021e-03 4.720391655122136874e-04
5.999999999999999778e-01 3.148722696266960108e-01 1.315102754598816877e-02 4.214779222163814176e-02 1.120709977614774838e-02 4.688562375867965509e-03 1.548691297133988681e-03 5.969492484374259523e-04
8.000000000000000444e-01 9.985210791990276058e-02 1.409312670151898969e-02 6.082497371122299462e-02 1.801816722791579201e-02 8.050100870602578881e-03 2.747718091833442882e-03 1.068567291963844245e-03
1.000000000000000000e+00 3.744104174664112522e-02 1.211152902550787988e-02 7.885551160670942195e-02 2.580320432417794810e-02 1.263634761675844556e-02 4.707109915605237581e-03 1.934697775388372629e-03
1.199999999999999956e+00 1.750295022196697928e-02 7.865681967982412343e-03 8.459096894875031691e-02 2.981450616079018082e-02 1.585855171091177587e-02 6.450464418328930895e-03 2.916625298524265584e-03
1.399999999999999911e+00 8.449515885906592333e-03 6.899604658100679140e-03 9.017895500293031386e-02 3.351933132156408035e-02 1.894187053005770907e-02 8.237294444870415719e-03 4.024802362092551322e-03
1.600000000000000089e+00 4.314652046240363518e-03 1.050704630446682060e-02 9.319905255179443404e-02 3.599514458618689738e-02 2.125043656272054479e-02 9.698118928533484839e-03 5.000724917332289784e-03
1.800000000000000044e+00 2.321662415214651668e-03 1.566613732169925069e-02 9.367344232077787214e-02 3.720400432325671886e-02 2.269169707560093549e-02 1.074496094230766204e-02 5.762876502316249469e-03
2.000000000000000000e+00 1.305914485202555901e-03 2.088049182247282698e-02 9.217815370746117176e-02 3.736504033247776274e-02 2.336894233857345071e-02 1.140776997957168928e-02 6.321772437874376323e-03
2.200000000000000178e+00 7.855925450595101093e-04 2.498005428753151055e-02 8.669681219736385946e-02 3.566456759660408676e-02 2.276840882597808147e-02 1.141237186027912326e-02 6.528007051785827096e-03
2.399999999999999911e+00 4.824345061561901042e-04 2.864617124333505155e-02 8.153116618571333574e-02 3.389217580009332847e-02 2.198792920364356709e-02 1.130642128634226640e-02 6.667879900098131266e-03
2.600000000000000089e+00 3.031641383851692902e-04 3.178041107420326306e-02 7.639069266424615423e-02 3.198337804699211834e-02 2.101367345542571805e-02 1.108905287847478278e-02 6.740186680809714601e-03
2.799999999999999822e+00 1.949144922111439924e-04 3.435254120811164630e-02 7.125276050537981964e-02 2.997465415909320030e-02 1.988743427860483609e-02 1.078469611781752817e-02 6.753434843697433965e-03
3.000000000000000000e+00 1.280409396039258610e-04 3.638291337690146426e-02 6.619872641252436130e-02 2.794005509848739716e-02 1.867555648817702252e-02 1.042611356824610890e-02 6.720513978049531129e-03
3.200000000000000178e+00 8.752903151019784760e-05 3.722462993577688867e-02 6.014912465771363181e-02 2.545739210068290181e-02 1.711618484992226408e-02 9.860206324579956494e-03 6.536201621889858350e-03
3.399999999999999911e+00 6.061745286249382164e-05 3.779133571333615632e-02 5.483519966992758676e-02 2.327790788910407901e-02 1.571826866962410321e-02 9.360474952852446823e-03 6.365995777833285789e-03
3.600000000000000089e+00 4.256562331884542150e-05 3.807556495041022199e-02 5.008850491880421224e-02 2.134624378206073300e-02 1.446217172878142346e-02 8.912222900999687211e-03 6.204613051821930743e-03
3.799999999999999822e+00 3.031205811673039902e-05 3.808554290818635252e-02 4.580805089146934572e-02 1.962557263440622285e-02 1.333624819035450840e-02 8.503970058106264177e-03 6.050656020323658298e-03
4.000000000000000000e+00 2.187420940317312681e-05 3.785923888896558509e-02 4.195056281547487886e-02 1.810077184585042256e-02 1.233762383447190546e-02 8.132000799135218408e-03 5.904787795940983144e-03
4.200000000000000178e+00 1.618289974926569850e-05 nan nan nan nan nan nan
4.400000000000000355e+00 1.205206299801578108e-05 nan nan nan nan nan nan
4.600000000000000533e+00 9.045221688556301728e-06 nan nan nan nan nan nan
4.800000000000000711e+00 6.845007207895386770e-06 nan nan nan nan nan nan
5.000000000000000888e+00 5.224744541184688579e-06 nan nan nan nan nan nan
5.200000000000001066e+00 4.077708670011680845e-06 nan nan nan nan nan nan
5.400000000000001243e+00 3.202898733593661917e-06 nan nan nan nan nan nan
5.600000000000001421e+00 2.532814271291682904e-06 nan nan nan nan nan nan
5.800000000000001599e+00 2.016451904089016498e-06 nan nan nan nan nan nan
6.000000000000001776e+00 1.615425201437990641e-06 nan nan nan nan nan nan
6.200000000000001954e+00 1.317996093766119316e-06 nan nan nan nan nan nan
6.400000000000002132e+00 1.080083824011072225e-06 nan nan nan nan nan nan
6.600000000000002309e+00 8.890294645764947815e-07 nan nan nan nan nan nan
6.800000000000002487e+00 7.349310024402565568e-07 nan nan nan nan nan nan
7.000000000000002665e+00 6.101079448843294043e-07 nan nan nan nan nan nan
7.200000000000002842e+00 5.131892485022281518e-07 nan nan nan nan nan nan
7.400000000000003020e+00 4.328299747022238805e-07 nan nan nan nan nan nan
7.600000000000003197e+00 3.660273871780110150e-07 nan nan nan nan nan nan
7.800000000000003375e+00 3.103264821455509094e-07 nan nan nan nan nan nan
8.000000000000003553e+00 2.637452489277008016e-07 nan nan nan nan nan nan
8.200000000000002842e+00 2.265085912809629782e-07 nan nan nan nan nan nan
8.400000000000003908e+00 1.947645370089048295e-07 nan nan nan nan nan nan
8.600000000000004974e+00 1.677084823167346134e-07 nan nan nan nan nan nan
8.800000000000004263e+00 1.446424997453903065e-07 nan nan nan nan nan nan
9.000000000000003553e+00 1.249647689648442848e-07 nan nan nan nan nan nan
9.200000000000004619e+00 1.088480896636123581e-07 nan nan nan nan nan nan
9.400000000000005684e+00 9.488686340801305812e-08 nan nan nan nan nan nan
9.600000000000004974e+00 8.279539225991265589e-08 nan nan nan nan nan nan
9.800000000000004263e+00 7.232126938881104489e-08 nan nan nan nan nan nan
1.000000000000000533e+01 6.324386288903647342e-08 nan nan nan nan nan nan
1.020000000000000639e+01 5.566834491279740226e-08 nan nan nan nan nan nan
1.040000000000000568e+01 4.903276463320710031e-08 nan nan nan nan nan nan
1.060000000000000497e+01 4.321969314520760986e-08 nan nan nan nan nan nan
1.080000000000000604e+01 3.812565836892525666e-08 nan nan nan nan nan nan
1.100000000000000711e+01 3.366092410714882912e-08 nan nan nan nan nan nan
1.120000000000000639e+01 2.988844245579516346e-08 nan nan nan nan nan nan
1.140000000000000568e+01 2.654871901498107945e-08 nan nan nan nan nan nan
1.160000000000000675e+01 2.359320085306397979e-08 nan nan nan nan nan nan
1.180000000000000782e+01 2.097861476353769174e-08 nan nan nan nan nan nan
1.200000000000000711e+01 1.866693451663329348e-08 nan nan nan nan nan nan
1.220000000000000639e+01 1.668830186709844998e-08 nan nan nan nan nan nan
1.240000000000000568e+01 1.492589332966868044e-08 nan nan nan nan nan nan
1.260000000000000853e+01 1.335555918168890864e-08 nan nan nan nan nan nan
1.280000000000000782e+01 1.195590356210647269e-08 nan nan nan nan nan nan
1.300000000000000711e+01 1.070827952877905323e-08 nan nan nan nan nan nan
1.320000000000000639e+01 9.631412171175463237e-09 nan nan nan nan nan nan
1.340000000000000924e+01 8.665715217400035202e-09 nan nan nan nan nan nan
1.360000000000000853e+01 7.799350014002428992e-09 nan nan nan nan nan nan
1.380000000000000782e+01 7.021735263960559560e-09 nan nan nan nan nan nan
1.400000000000000711e+01 6.323546266448208744e-09 nan nan nan nan nan nan
1.420000000000000995e+01 5.717144245969798706e-09 nan nan nan nan nan nan
1.440000000000000924e+01 5.169901333324151472e-09 nan nan nan nan nan nan
1.460000000000000853e+01 4.676163318847330862e-09 nan nan nan nan nan nan
1.480000000000000782e+01 4.230720381050494235e-09 nan nan nan nan nan nan
1.500000000000001066e+01 3.828806967410167070e-09 nan nan nan nan nan nan
1.520000000000000995e+01 3.477163322815005969e-09 nan nan nan nan nan nan
1.540000000000000924e+01 3.158222764706024654e-09 nan nan nan nan nan nan
1.560000000000000853e+01 2.868935207766745299e-09 nan nan nan nan nan nan
1.580000000000001137e+01 2.606548986844727937e-09 nan nan nan nan nan nan
1.600000000000001066e+01 2.368610837895536066e-09 nan nan nan nan nan nan
1.620000000000000995e+01 2.159162302257153510e-09 nan nan nan nan nan nan
1.640000000000000924e+01 1.968979032188055653e-09 nan nan nan nan nan nan
1.660000000000001208e+01 1.795603630797286432e-09 nan nan nan nan nan nan
1.680000000000001137e+01 1.637353207887825290e-09 nan nan nan nan nan nan
1.700000000000001066e+01 1.493319376852833469e-09 nan nan nan nan nan nan
1.720000000000000995e+01 1.365967539734520922e-09 nan nan nan nan nan nan
1.740000000000001279e+01 1.249460730948731174e-09 nan nan nan nan nan nan
1.760000000000001208e+01 1.143010727497905320e-09 nan nan nan nan nan nan
1.780000000000001137e+01 1.045752972881165642e-09 nan nan nan nan nan nan
1.800000000000001066e+01 9.567465765797408213e-10 nan nan nan nan nan nan
1.820000000000001350e+01 8.776999828845262332e-10 nan nan nan nan nan nan
1.840000000000001279e+01 8.051710476923136865e-10 nan nan nan nan nan nan
1.860000000000001208e+01 7.386365023164826676e-10 nan nan nan nan nan nan
1.880000000000001137e+01 6.776364901640087466e-10 nan nan nan nan nan nan
1.900000000000001421e+01 6.217745666487270723e-10 nan nan nan nan nan nan
1.920000000000001350e+01 5.719606541119789917e-10 nan nan nan nan nan nan
1.940000000000001279e+01 5.260903896747427296e-10 nan nan nan nan nan nan
1.960000000000001208e+01 4.838745487953707815e-10 nan nan nan nan nan nan
1.980000000000001492e+01 4.450616633168972832e-10 nan nan nan nan nan nan
