2.000000000000000111e-01 3.951738770698701719e-01 3.475331547695595380e-02 3.581307333699993573e-02 6.751714554971084518e-03 2.106561328368037472e-03 4.835544745469831695e-04 3.846945508785790677e-04
4.000000000000000222e-01 1.124048439270644295e-01 2.188979950632996205e-02 3.201907708045965278e-02 7.450192886967956993e-03 3.051299753738904996e-03 8.018450204310062024e-04 3.619150322582664588e-04
5.999999999999999778e-01 4.663451379348037412e-02 1.610722415469993674e-02 3.020230709122146209e-02 7.867804778445591785e-03 3.407968862143532715e-03 9.640911822321607131e-04 4.339291248499402265e-04
8.000000000000000444e-01 1.425809293817360997e-02 1.804286447348516301e-02 4.456348700071068730e-02 1.301146260420497393e-02 6.097855132968243302e-03 1.924190467552027144e-03 8.557556226919264862e-04
1.000000000000000000e+00 5.195666101416195580e-03 1.713123573793477392e-02 5.895276572570195411e-02 1.884664158553683508e-02 9.667616505169788349e-03 3.450930686738318178e-03 1.650470564483168343e-03
1.199999999999999956e+00 2.458313638883819277e-03 1.236098922426994220e-02 6.280991040918029733e-02 2.139303774038368508e-02 1.185052384227118331e-02 4.622692285518780787e-03 2.432072595091196773e-03
1.399999999999999911e+00 1.193740602152773816e-03 9.841863106609933728e-03 6.722135577412668983e-02 2.389679415697178871e-02 1.401132251577435692e-02 5.799505756689597204e-03 3.280002503936863770e-03
1.600000000000000089e+00 6.152165118987481347e-04 1.126636416885484944e-02 6.985001923551933944e-02 2.559616917806895042e-02 1.566217523418163282e-02 6.759416792880773919e-03 4.022781674492544729e-03
1.800000000000000044e+00 3.353163311955373576e-04 1.584160417332180701e-02 7.058808964639430583e-02 2.643269838205231093e-02 1.674175468569939068e-02 7.468598004127794364e-03 4.612678976513889112e-03
2.000000000000000000e+00 1.914761623162020317e-04 2.145399158733748285e-02 6.986117369264381594e-02 2.656423075546737733e-02 1.733402244989131966e-02 7.965177353006181946e-03 5.067716168549524051e-03
2.200000000000000178e+00 1.177443946227833740e-04 2.621149804475170556e-02 6.582118390146128595e-02 2.529798358448671555e-02 1.699030534746289595e-02 8.026833789178552947e-03 5.260002242271846415e-03
2.399999999999999911e+00 7.368499094710243209e-05 3.082363875150332527e-02 6.227159186725787082e-02 2.412280267854265484e-02 1.662566203578807328e-02 8.077580375286875364e-03 5.445240393045125589e-03
2.600000000000000089e+00 4.709559598412072000e-05 3.507236241290383888e-02 5.886753228062905491e-02 2.294681951363712266e-02 1.618854683605891118e-02 8.086937237957317684e-03 5.606802343384434742e-03
2.799999999999999822e+00 3.074743472641427251e-05 3.882276955860427398e-02 5.552272864082476861e-02 2.176552990635264792e-02 1.568109459381760926e-02 8.044969230294938406e-03 5.732169614848712375e-03
3.000000000000000000e+00 2.047793826341758687e-05 4.200935437253254523e-02 5.225009046879976887e-02 2.060353716220581985e-02 1.512840222526386745e-02 7.951771690083552641e-03 5.814225648643422950e-03
3.200000000000000178e+00 1.419944747283730837e-05 4.369531894378832909e-02 4.807476056267821068e-02 1.907233034189449380e-02 1.426923380295591626e-02 7.655360795820941207e-03 5.742257979406621519e-03
3.399999999999999911e+00 9.949504393835993080e-06 4.502414768839427262e-02 4.445775888821578564e-02 1.775869940972738675e-02 1.351575868413907276e-02 7.375543554436749145e-03 5.657025241530414146e-03
3.600000000000000089e+00 7.055045699822900207e-06 4.594675603378283596e-02 4.123492648190500709e-02 1.659607330487634924e-02 1.283414456747396931e-02 7.099416503680885081e-03 5.549024275321683478e-03
3.799999999999999822e+00 5.065516938314935600e-06 4.645393467452088587e-02 3.831719202673630753e-02 1.554812758976687782e-02 1.220636036697557436e-02 6.823662136237918820e-03 5.416709197951832463e-03
4.000000000000000000e+00 3.680965034162916621e-06 4.659342298980231889e-02 3.567515115671394954e-02 1.460672854193017026e-02 1.162766050258538103e-02 6.554466137008306721e-03 5.265367693681428235e-03
4.200000000000000178e+00 2.744719646122071069e-06 nan nan nan nan nan nan
4.400000000000000355e+00 2.059233490677270873e-06 nan nan nan nan nan nan
4.600000000000000533e+00 1.556141615713149747e-06 nan nan nan nan nan nan
4.800000000000000711e+00 1.185097923422476397e-06 nan nan nan nan nan nan
5.000000000000000888e+00 9.097943846555912362e-07 nan nan nan nan nan nan
5.200000000000001066e+00 7.139329584372956592e-07 nan nan nan nan nan nan
5.400000000000001243e+00 5.633851422089754930e-07 nan nan nan nan nan nan
5.600000000000001421e+00 4.472748890470569759e-07 nan nan nan nan nan nan
5.800000000000001599e+00 3.572598566777598892e-07 nan nan nan nan nan nan
6.000000000000001776e+00 2.869806576096751982e-07 nan nan nan nan nan nan
6.200000000000001954e+00 2.346663176402100044e-07 nan nan nan nan nan nan
6.400000000000002132e+00 1.926414077475643909e-07 nan nan nan nan nan nan
6.600000000000002309e+00 1.587765410213620341e-07 nan nan nan nan nan nan
6.800000000000002487e+00 1.313862206564761966e-07 nan nan nan nan nan nan
7.000000000000002665e+00 1.091506041689710841e-07 nan nan nan nan nan nan
7.200000000000002842e+00 9.185839069236614686e-08 nan nan nan nan nan nan
7.400000000000003020e+00 7.750063395633041841e-08 nan nan nan nan nan nan
7.600000000000003197e+00 6.555284232752565823e-08 nan nan nan nan nan nan
7.800000000000003375e+00 5.558337575027441418e-08 nan nan nan nan nan nan
8.000000000000003553e+00 4.724203163283790292e-08 nan nan nan nan nan nan
8.200000000000002842e+00 4.057153878081163936e-08 nan nan nan nan nan nan
8.400000000000003908e+00 3.488397234666113196e-08 nan nan nan nan nan nan
8.600000000000004974e+00 3.003598775474010919e-08 nan nan nan nan nan nan
8.800000000000004263e+00 2.590293759661962753e-08 nan nan nan nan nan nan
9.000000000000003553e+00 2.237716053540985072e-08 nan nan nan nan nan nan
9.200000000000004619e+00 1.948949478360731735e-08 nan nan nan nan nan nan
9.400000000000005684e+00 1.698831112720835715e-08 nan nan nan nan nan nan
9.600000000000004974e+00 1.482235585350742158e-08 nan nan nan nan nan nan
9.800000000000004263e+00 1.294633966306852277e-08 nan nan nan nan nan nan
1.000000000000000533e+01 1.132067395321054642e-08 nan nan nan nan nan nan
1.020000000000000639e+01 9.964084043211110580e-09 nan nan nan nan nan nan
1.040000000000000568e+01 8.775943194518891549e-09 nan nan nan nan nan nan
1.060000000000000497e+01 7.735178624502034517e-09 nan nan nan nan nan nan
1.080000000000000604e+01 6.823227784677291385e-09 nan nan nan nan nan nan
1.100000000000000711e+01 6.023996556442811789e-09 nan nan nan nan nan nan
1.120000000000000639e+01 5.348720081124285750e-09 nan nan nan nan nan nan
1.140000000000000568e+01 4.750944601296064999e-09 nan nan nan nan nan nan
1.160000000000000675e+01 4.221965650007588875e-09 nan nan nan nan nan nan
1.180000000000000782e+01 3.754027573256391946e-09 nan nan nan nan nan nan
1.200000000000000711e+01 3.340316712949231747e-09 nan nan nan nan nan nan
1.220000000000000639e+01 2.986219178884918058e-09 nan nan nan nan nan nan
1.240000000000000568e+01 2.670826250436992086e-09 nan nan nan nan nan nan
1.260000000000000853e+01 2.389812790170854426e-09 nan nan nan nan nan nan
1.280000000000000782e+01 2.139347439158217820e-09 nan nan nan nan nan nan
1.300000000000000711e+01 1.916091473681779129e-09 nan nan nan nan nan nan
1.320000000000000639e+01 1.723393760181801250e-09 nan nan nan nan nan nan
1.340000000000000924e+01 1.550591256213830293e-09 nan nan nan nan nan nan
1.360000000000000853e+01 1.395564767602027018e-09 nan nan nan nan nan nan
1.380000000000000782e+01 1.256420314522854457e-09 nan nan nan nan nan nan
1.400000000000000711e+01 1.131488934446773438e-09 nan nan nan nan nan nan
1.420000000000000995e+01 1.022982078363153372e-09 nan nan nan nan nan nan
1.440000000000000924e+01 9.250613452875493875e-10 nan nan nan nan nan nan
1.460000000000000853e+01 8.367148292242418019e-10 nan nan nan nan nan nan
1.480000000000000782e+01 7.570101901406005140e-10 nan nan nan nan nan nan
1.500000000000001066e+01 6.850946191028987029e-10 nan nan nan nan nan nan
1.520000000000000995e+01 6.221740793285617917e-10 nan nan nan nan nan nan
1.540000000000000924e+01 5.651052899840405154e-10 nan nan nan nan nan nan
1.560000000000000853e+01 5.133424552603513594e-10 nan nan nan nan nan nan
1.580000000000001137e+01 4.663931868949820696e-10 nan nan nan nan nan nan
1.600000000000001066e+01 4.238184978506257496e-10 nan nan nan nan nan nan
1.620000000000000995e+01 3.863415293709542423e-10 nan nan nan nan nan nan
1.640000000000000924e+01 3.523117473834869838e-10 nan nan nan nan nan nan
1.660000000000001208e+01 3.212894386580260885e-10 nan nan nan nan nan nan
1.680000000000001137e+01 2.929734755725243693e-10 nan nan nan nan nan nan
1.700000000000001066e+01 2.672013149408089541e-10 nan nan nan nan nan nan
1.720000000000000995e+01 2.444140903946414675e-10 nan nan nan nan nan nan
1.740000000000001279e+01 2.235673850198132175e-10 nan nan nan nan nan nan
1.760000000000001208e+01 2.045201594323833100e-10 nan nan nan nan nan nan
1.780000000000001137e+01 1.871177162978671398e-10 nan nan nan nan nan nan
1.800000000000001066e+01 1.711917001093455525e-10 nan nan nan nan nan nan
1.820000000000001350e+01 1.570478039082277123e-10 nan nan nan nan nan nan
1.840000000000001279e+01 1.440701206786391545e-10 nan nan nan nan nan nan
1.860000000000001208e+01 1.321650210194344623e-10 nan nan nan nan nan nan
1.880000000000001137e+01 1.212502220243754943e-10 nan nan nan nan nan nan
1.900000000000001421e+01 1.112547872393515549e-10 nan nan nan nan nan nan
1.920000000000001350e+01 1.023415298853992540e-10 nan nan nan nan nan nan
1.940000000000001279e+01 9.413391397023806720e-11 nan nan nan nan nan nan
1.960000000000001208e+01 8.658018815971975368e-11 nan nan nan nan nan nan
1.980000000000001492e+01 7.963535693106606107e-11 nan nan nan nan nan nan
